0
0
0
0
0
0
0
0
0
0
2
2
2
2
2
2
2
2
2
2
2
2
2
4.8
4.8
4.8
4.8
4.8
4.8
4.8
4.8
4.8
4.8
4.8
4.8
4.8
4.8
4.8
4.8
4.16667
4.16667
3.71429
3.71429
3.71429
3.55556
3.55556
3.55556
3.55556
3.55556
3.55556
3.55556
3.55556
3.55556
3.55556
3.55556
3.55556
3.55556
3.55556
3.55556
3.55556
3.55556
3.55556
3.55556
3.55556
3.55556
3.55556
3.55556
3.55556
3.55556
3.55556
3.55556
3.55556
3.55556
3.55556
3.55556
3.55556
3.55556
3.55556
3.55556
3.55556
3.55556
3.55556
3.55556
3.55556
3.55556
3.55556
3.55556
3.55556
3.55556
3.55556
3.55556
3.55556
3.55556
3.55556
3.55556
3.55556
3.55556
3.55556
3.3
3.3
3.3
3.3
3.3
3.3
3.3
3.3
3.3
3.3
3.3
3.3
3.3
3.25
3.25
3.25
3.07692
3.07692
3.07692
3.07692
3.07692
3.07692
3.07692
3.07692
3.07692
3.07692
3.07692
3.07692
3.07692
3.07692
3.07692
3.07692
2.92857
2.92857
2.92857
2.92857
2.92857
2.92857
2.92857
2.92857
2.92857
2.92857
2.92857
2.92857
2.92857
2.92857
2.92857
2.92857
2.92857
3
3
3
3
3
3
3
3
3
3
3
3
3
3
3
3
3
3
3
3
3
3
2.875
2.875
2.875
2.875
2.875
2.875
2.875
2.875
2.875
2.875
2.875
2.875
2.875
2.875
2.875
2.875
2.875
3.22857
3.22857
3.22857
3.22857
3.22857
3.22857
3.22857
3.22857
3.22857
3.22857
3.22857
3.22857
3.22857
3.22857
3.22857
3.22857
3.22857
3.43243
3.43243
3.43243
3.43243
3.43243
3.43243
3.43243
3.43243
3.43243
3.43243
3.43243
3.43243
3.43243
3.43243
3.43243
3.43243
3.43243
3.43243
3.43243
3.43243
3.43243
3.43243
3.5
3.5
3.5
3.45652
3.45652
3.35417
3.35417
3.35417
3.35417
3.35417
3.35417
3.35417
3.35417
3.35417
3.35417
3.26
3.26
3.26
3.26
3.26
3.26
3.26
3.26
3.26
3.26
3.26
3.26
3.26
3.26
3.26
3.26
3.26
3.26
3.26
3.26
3.26
3.26
3.26
3.26
3.26
3.26
3.26
3.26
3.26
3.26
3.26
3.26
3.26
3.17308
3.17308
3.17308
3.17308
3.10909
3.10909
3.10909
3.08772
3.08772
3.08772
3.08772
3.08772
3.08772
3.08772
3.08772
3.08772
3.08772
3.08772
3.08772
3.08772
3.08772
3.08772
3.08772
3.08772
3.08772
3.08772
3.08772
3.08772
3.08772
3.01695
3.01695
3.01695
3.01695
3.01695
3.01695
3.01695
3.01695
3.01695
3.01695
3.01695
3.01695
3.01695
3.01695
3.01695
3.01695
3.01695
3.01695
3.01695
3.01695
3.01695
3.01695
3.01695
3.01695
3.01695
3.01695
3.01695
3.01695
3.01695
3.01695
3.01695
3.01695
3.01695
3.01695
3.01695
3.01695
3.01695
3.01695
3.01695
3.01695
3.01695
3.01695
3.01695
3.01695
3.01695
3.01695
3.01695
3.01695
3.01695
3.01695
3.01695
3.01695
3.01695
2.95082
2.95082
2.95082
2.95082
2.95082
2.95082
2.95082
2.95082
2.95082
2.88889
2.88889
2.88889
2.88889
2.88889
2.88889
2.88889
2.88889
2.88889
2.88889
2.88889
2.88889
2.88889
2.88889
2.88889
2.88889
2.88889
2.88889
2.88889
2.88889
2.88889
2.88889
2.88889
3.2
3.2
3.2
3.2
3.2
3.2
3.2
3.2
3.2
3.2
3.2
3.2
3.2
3.2
3.2
3.2
3.2
3.2
3.2
3.2
3.2
3.2
3.2
3.2
3.2
3.2
3.2
3.2
3.2
3.2
3.2
3.2
3.2
3.2
3.2
3.2
3.2
3.15068
3.15068
3.15068
3.15068
3.09333
3.09333
3.09333
3.09333
3.09333
3.09333
3.09333
3.09333
3.09333
3.09333
3.09333
3.09333
3.09333
3.09333
3.09333
3.09333
3.09333
3.09333
3.09333
3.15
3.15
3.15
3.15
3.15
3.15
3.15
3.15
3.15
3.15
3.15
3.15
3.15
3.15
3.15
3.15
3.15
3.15
3.20732
3.20732
3.20732
3.20732
3.20732
3.20238
3.20238
3.18605
3.18605
3.18605
3.18605
3.18605
3.18605
3.18605
3.18605
3.13636
3.13636
3.13636
3.13636
3.13636
3.13636
3.13636
3.13636
3.13636
3.13636
3.13636
3.13636
3.13636
3.13636
3.13636
3.08889
3.08889
3.08889
3.08889
3.08889
3.08889
3.08889
3.08889
3.08889
3.08889
3.08889
3.08889
3.08889
3.08889
3.08889
3.08889
3.08889
3.08511
3.08511
3.08511
3.08511
3.08511
3.08511
3.08511
3.04167
3.04167
3.10204
3.06
3.06
3.06
3.06
3.06
3.06
3.06
3.06
3.06
3.06
3.06
3.06
3.06
3.06
3.01961
3.01961
3.01961
3.01961
3.01961
3.01961
3.01961
3.01961
3.01961
3.01961
3.01961
3.01961
3.01961
3.01961
3.01961
3.01961
3.01961
3.01961
3.01961
3.01961
3.01961
3.11538
3.11538
3.11538
3.11538
3.11538
3.11538
3.11538
3.11538
3.11538
3.11538
3.11538
3.11538
3.11538
3.11538
3.11538
3.11538
3.11538
3.11538
3.11538
3.11538
3.11538
3.11538
3.11538
3.11538
3.1619
3.1215
3.1215
3.1215
3.1215
3.1215
3.1215
3.1215
3.1215
3.1215
3.1215
3.08257
3.08257
3.08257
3.08257
3.08257
3.08257
3.08257
3.08257
3.08257
3.08257
3.08257
3.08257
3.08257
3.08257
3.08257
3.08257
3.08257
3.08257
3.08257
3.08257
3.08257
3.08257
3.08257
3.08257
3.08257
3.08257
3.08257
3.08257
3.08257
3.08257
3.08257
3.08257
3.08257
3.08257
3.08257
3.08257
3.08257
3.08257
3.08257
3.08257
3.08257
3.08257
3.08257
3.08257
3.08257
3.08257
3.08257
3.08257
3.08257
3.08257
3.08257
3.08257
3.08257
3.08257
3.08257
3.08257
3.08257
3.08257
3.08257
3.08257
3.08257
3.08257
3.08257
3.08257
3.08257
3.08257
3.08257
3.08257
3.08257
3.08257
3.08257
3.08257
3.08257
3.08257
3.08257
3.07965
3.07965
3.05172
3.01695
3.01695
3.01695
3.01695
2.99174
2.99174
2.99174
2.99174
2.99174
2.99174
2.99174
2.99174
2.99174
2.99174
2.99174
2.99174
2.99174
2.99174
2.99174
2.99174
2.99174
2.99174
2.99174
2.99174
2.99174
2.99174
2.99174
2.99174
2.99174
2.99174
2.99174
2.99174
2.99174
2.99174
2.99174
2.99174
2.99174
2.99174
2.99174
2.99174
2.99174
2.99174
2.99174
2.99174
2.99174
2.99174
2.99174
2.99174
2.99174
2.99174
2.99174
2.99174
2.99174
2.99174
2.99174
3.03252
3.03252
3.03252
3.03252
3.03252
3.03252
3.03252
3.03252
3.03252
3.03252
3.03252
3.03252
3.03252
3.03252
3.03252
3.03252
3.03252
3.03252
3.03252
3.03252
3.03252
3.03252
3.03252
3.03252
3.03252
3.03252
3.03252
3.03252
3.03252
3.03252
3.03252
3.03252
3.03252
3.03252
3.03252
3.03252
3.03252
3.03252
3.03252
3.07031
3.07031
3.07031
3.07031
3.07031
3.07031
3.07031
3.07031
3.07031
3.07031
3.07031
3.07031
3.07031
3.07031
3.07031
3.07031
3.07031
3.07031
3.07031
3.07031
3.07031
3.07031
3.07031
3.03846
3.03846
3.03846
3.03846
3.03846
3.03846
3.03846
3.03846
3.125
3.125
3.125
3.125
3.125
3.125
3.125
3.125
3.125
3.125
3.125
3.125
3.125
3.125
3.125
3.125
3.125
3.125
3.125
3.125
3.125
3.125
3.125
3.125
3.125
3.125
3.125
3.125
3.125
3.125
3.125
3.125
3.125
3.125
3.125
3.125
3.125
3.125
3.0942
3.0942
3.0942
3.0942
3.0942
3.0942
3.0942
3.0942
3.0942
3.0942
3.0942
3.0942
3.0942
3.0942
3.0942
3.0942
3.0942
3.0942
3.0942
3.0942
3.0942
3.0942
3.0942
3.0942
3.0942
3.0942
3.0942
3.0942
3.0942
3.0942
3.0942
3.09155
3.09155
3.09155
3.09155
3.09155
3.09155
3.09155
3.09155
3.09155
3.09155
3.09155
3.09155
3.09155
3.09155
3.09155
3.09155
3.09155
3.09155
3.09155
3.09155
3.09155
3.09155
3.09155
3.09155
3.09155
3.09155
3.09155
3.09155
3.0625
3.0625
3.0625
3.0625
3.0625
3.0625
3.0625
3.0625
3.06081
3.06081
3.06081
3.04698
3.04698
3.04698
3.07947
3.07947
3.07947
3.07947
3.07947
3.07947
3.07947
3.07947
3.06579
3.06579
3.06579
3.06579
3.06579
3.06579
3.06579
3.06579
3.03896
3.03896
3.03896
3.03896
3.03896
3.03896
3.03896
3.03896
3.01282
3.01282
3.01282
3.01282
3.01282
3.01282
3.01282
3.01282
3.01282
3.01282
3.01282
3.01282
3.01282
3.01282
3.01282
3.01282
3.01282
3.01282
3
3
3
3
3
3
3
3
3
3
3
3
3
3
3
3.03086
3.03086
3.03086
3.03086
3.12195
3.09639
3.09639
3.09639
3.09639
3.09639
3.09639
3.09639
3.09639
3.09639
3.09639
3.09639
3.09639
3.08929
3.08929
3.07692
3.07692
3.05917
3.05917
3.05917
3.05917
3.05917
3.05917
3.05917
3.05917
3.05917
3.05917
3.05917
3.05917
3.05917
3.05917
3.05917
3.05917
3.05917
3.05917
3.07059
3.07059
3.07059
3.07059
3.07059
3.07059
3.07059
3.06433
3.09249
3.09249
3.09249
3.09249
3.09249
3.09249
3.09249
3.09249
3.09249
3.09249
3.09249
3.09249
3.09249
3.09249
3.09249
3.09249
3.09249
3.09249
3.16571
3.16571
3.16571
3.16571
3.16571
3.16571
3.16571
3.16571
3.27473
3.27473
3.27473
3.27473
3.27473
3.27473
3.27473
3.27473
3.27473
3.27473
3.27473
3.29508
3.29508
3.31383
3.31383
3.31383
3.31383
3.31383
3.31383
3.32275
3.32275
3.32275
3.32275
3.32275
3.32275
3.32275
3.32275
3.32275
3.32275
3.32275
3.32275
3.32275
3.32275
3.32275
3.32275
3.32275
3.32275
3.32275
3.32275
3.32275
3.32275
3.32275
3.32275
3.32275
3.32275
3.32275
3.32275
3.32275
3.32275
3.32275
3.32275
3.32275
3.32275
3.32275
3.32275
3.32275
3.32275
3.32275
3.32275
3.32275
3.32275
3.32275
3.32275
3.32275
3.32275
3.32275
3.32275
3.32275
3.32275
3.32275
3.32275
3.30208
3.30208
3.30208
3.30208
3.30208
3.30208
3.30208
3.30208
3.30208
3.30208
3.30208
3.30208
3.30208
3.30208
3.30208
3.30208
3.30208
3.30208
3.30208
3.30208
3.30208
3.30208
3.30208
3.30208
3.30208
3.30208
3.30208
3.30208
3.30208
3.30208
3.30208
3.30208
3.30208
3.30208
3.30208
3.30208
3.30208
3.27835
3.27835
3.27835
3.27835
3.27835
3.27835
3.27835
3.27835
3.27835
3.27835
3.26289
3.26289
3.27692
3.27692
3.27692
3.27692
3.27692
3.27692
3.27692
3.27692
3.27692
3.27692
3.27692
3.27692
3.27692
3.27692
3.27692
3.27692
3.27692
3.27692
3.27692
3.27692
3.27692
3.27692
3.27692
3.27692
3.27692
3.27692
3.26904
3.26904
3.26904
3.26904
3.26904
3.26904
3.26904
3.26904
3.26904
3.26904
3.26904
3.26904
3.26904
3.26904
3.26904
3.26904
3.26904
3.26904
3.26904
3.26904
3.26904
3.26904
3.26904
3.26904
3.26904
3.26904
3.26904
3.26904
3.26904
3.26904
3.26904
3.26904
3.26904
3.26904
3.26904
3.26904
3.26904
3.26904
3.26904
3.26904
3.26904
3.26904
3.26904
3.26904
3.26904
3.26904
3.26904
3.26904
3.26904
3.26904
3.26904
3.26904
3.26904
3.26904
3.26904
3.26904
3.26904
3.26904
3.26904
3.26904
3.26904
3.26904
3.26904
3.26904
3.26904
3.26904
3.26904
3.26904
3.26904
3.26904
3.26904
3.26904
3.26904
3.24623
3.24623
3.24623
3.24623
3.24623
3.24623
3.24623
3.24623
3.24623
3.24623
3.24623
3.24623
3.24623
3.24623
3.24623
3.24623
3.24623
3.24623
3.24623
3.24623
3.24623
3.24623
3.24623
3.24623
3.24623
3.24623
3.24623
3.24623
3.24623
3.24623
3.24623
3.24623
3.24623
3.24623
3.24623
3.24623
3.24623
3.22772
3.22772
3.22772
3.22772
3.22772
3.22772
3.22772
3.22772
3.22772
3.22772
3.22772
3.22772
3.22772
3.22772
3.22772
3.22772
3.20588
3.20588
3.20588
3.20588
3.20588
3.20588
3.20588
3.20588
3.20588
3.20588
3.20588
3.20588
3.20588
3.20588
3.20588
3.20588
3.20588
3.20588
3.20588
3.20588
3.20588
3.20588
3.20588
3.20588
3.20588
3.20588
3.20588
3.20588
3.20588
3.20588
3.20588
3.20588
3.20588
3.20588
3.20588
3.20588
3.19512
3.19512
3.19512
3.19512
3.19512
3.19512
3.19512
3.19512
3.19512
3.19512
3.19512
3.19512
3.19512
3.19512
3.19512
3.19512
3.19512
3.17391
3.17391
3.17391
3.17391
3.15311
3.15311
3.15311
3.15311
3.15311
3.15311
3.15311
3.15311
3.15311
3.15311
3.15311
3.15311
3.15311
3.15311
3.15311
3.14286
3.14286
3.14286
3.14286
3.14286
3.14286
3.14286
3.14286
3.14286
3.14286
3.14286
3.14286
3.14286
3.14286
3.14286
3.14286
3.14286
3.14286
3.14286
3.14286
3.14286
3.14286
3.14286
3.12264
3.12264
3.12264
3.12264
3.12264
3.12264
3.12264
3.12264
3.1028
3.1028
3.1028
3.1028
3.1028
3.1028
3.1028
3.1028
3.1028
3.1028
3.1028
3.1028
3.1028
3.1028
3.1028
3.1028
3.1028
3.1028
3.1028
3.1028
3.09722
3.09722
3.09722
3.09722
3.09722
3.15982
3.15982
3.15982
3.15982
3.15982
3.15982
3.15982
3.15982
3.15982
3.15982
3.15982
3.15982
3.15982
3.15982
3.15982
3.15982
3.15982
3.15982
3.15982
3.15982
3.15982
3.15982
3.15982
3.15982
3.15982
3.15982
3.15982
3.15385
3.15385
3.15385
3.15385
3.15385
3.15385
3.15385
3.15385
3.15385
3.15385
3.15385
3.15385
3.15385
3.15385
3.13453
3.13453
3.13453
3.13453
3.13453
3.13453
3.13453
3.13453
3.13453
3.13453
3.13453
3.11947
3.11947
3.11947
3.11947
3.11947
3.11947
3.11947
3.11947
3.14035
3.14035
3.14035
3.14035
3.14035
3.14035
3.17391
3.17391
3.17391
3.17391
3.17391
3.17391
3.17391
3.17391
3.17391
3.15517
3.15517
3.15517
3.15517
3.15517
3.15517
3.15517
3.15517
3.15517
3.15517
3.15517
3.15517
3.14592
3.14592
3.14592
3.12766
3.12766
3.12766
3.15254
3.15254
3.15254
3.15254
3.15254
3.15254
3.15254
3.17647
3.17647
3.17647
3.17647
3.17647
3.17647
3.17647
3.17647
3.17647
3.17647
3.17647
3.17647
3.17647
3.17647
3.17647
3.17647
3.17647
3.17647
3.17647
3.17647
3.17647
3.17647
3.17647
3.17647
3.17647
3.17647
3.17647
3.17647
3.17647
3.17647
3.17647
3.17647
3.17647
3.17647
3.17647
3.17647
3.17647
3.17647
3.17647
3.17647
3.17647
3.17647
3.17647
3.17647
3.17647
3.17647
3.18828
3.18828
3.18828
3.18828
3.18828
3.18828
3.18828
3.18828
3.18828
3.18828
3.19583
3.19583
3.19583
3.19583
3.19583
3.19583
3.19583
3.19583
3.19583
3.19583
3.19583
3.19583
3.19583
3.19583
3.19583
3.19583
3.19583
3.19583
3.19583
3.19583
3.19583
3.19583
3.19583
3.19583
3.19583
3.19583
3.19583
3.19583
3.19583
3.19583
3.19502
3.19502
3.19502
3.19502
3.19502
3.19502
3.19502
3.19502
3.19502
3.19502
3.19502
3.19502
3.19502
3.19502
3.19502
3.19502
3.19502
3.19502
3.19502
3.19502
3.19502
3.19502
3.19502
3.19502
3.19502
3.19502
3.19502
3.19502
3.19502
3.20165
3.20165
3.20165
3.20165
3.20165
3.20165
3.20165
3.20165
3.20165
3.20165
3.20165
3.20165
3.20165
3.20165
3.18367
3.16599
3.16129
3.16129
3.16129
3.16129
3.16129
3.16129
3.16129
3.16129
3.16129
3.16129
3.16129
3.16129
3.16129
3.16129
3.16129
3.16129
3.21514
3.21514
3.21514
3.21514
3.21514
3.21514
3.21514
3.21514
3.21514
3.21514
3.21514
3.21514
3.21514
3.21514
3.21514
3.21514
3.21514
3.21514
3.21514
3.21514
3.21514
3.20079
3.20079
3.20079
3.20079
3.20079
3.20079
3.20079
3.20079
3.20079
3.20079
3.20079
3.20079
3.20079
3.20079
3.20079
3.20079
3.20079
3.20079
3.20079
3.20079
3.20079
3.20079
3.20079
3.20079
3.20079
3.20079
3.18359
3.18677
3.18677
3.18677
3.18677
3.18677
3.18677
3.18677
3.18677
3.18677
3.18677
3.18677
3.18677
3.18677
3.18677
3.18677
3.18677
3.18677
3.18677
3.18677
3.18677
3.18677
3.18677
3.18677
3.18677
3.18677
3.18677
3.18677
3.18677
3.18677
3.18677
3.18677
3.18677
3.18677
3.18677
3.18677
3.16988
3.16988
3.16988
3.16988
3.16988
3.16988
3.16988
3.19615
3.19615
3.19615
3.19615
3.19615
3.19615
3.19615
3.19615
3.19615
3.19615
3.19615
3.19615
3.19615
3.19615
3.19615
3.19615
3.19615
3.18774
3.18774
3.18774
3.18774
3.18774
3.18774
3.18774
3.18774
3.18774
3.18774
3.18774
3.18774
3.18774
3.18774
3.18774
3.18774
3.18774
3.18774
3.18774
3.18774
3.18774
3.18774
3.18774
3.18774
3.18774
3.18774
3.18774
3.18774
3.18774
3.18774
3.18774
3.18774
3.18774
3.18774
3.30112
3.30112
3.30112
3.30112
3.30112
3.30112
3.30112
3.30112
3.30112
3.30112
3.30112
3.30112
3.30112
3.30112
3.30112
3.30112
3.30112
3.30112
3.30112
3.30112
3.30112
3.30112
3.30112
3.30112
3.30112
3.30112
3.30112
3.28676
3.28676
3.28676
3.28676
3.28676
3.29964
3.29964
3.29964
3.29964
3.29964
3.29964
3.29964
3.29964
3.29964
3.29964
3.29964
3.29964
3.29964
3.29964
3.29964
3.29964
3.29964
3.29964
3.29964
3.28571
3.28571
3.28571
3.28571
3.28571
3.28571
3.28571
3.28571
3.28571
3.28571
3.27758
3.27758
3.27758
3.27758
3.27758
3.26408
3.26408
3.26408
3.26408
3.26408
3.26408
3.26408
3.26408
3.26408
3.26408
3.25874
3.25874
3.25874
3.25874
3.25874
3.25874
3.25874
3.24567
3.23288
3.23288
3.23288
3.23288
3.23288
3.23288
3.23288
3.23288
3.23288
3.23288
3.23288
3.23288
3.23288
3.23288
3.23288
3.23288
3.23288
3.23288
3.23288
3.23288
3.23288
3.23288
3.23288
3.23288
3.23288
3.23288
3.23288
3.23288
3.23288
3.21769
3.21769
3.21769
3.21769
3.21769
3.21769
3.21769
3.21769
3.21769
3.21769
3.21769
3.21769
3.21769
3.21769
3.21769
3.21769
3.21769
3.21769
3.21769
3.21769
3.21769
3.21769
3.21769
3.21769
3.21769
3.21769
3.21769
3.21769
3.21769
3.21769
3.21769
3.21769
3.21769
3.21769
3.2027
3.2027
3.2027
3.2027
3.2027
3.2027
3.2027
3.2027
3.2027
3.2027
3.2027
3.2027
3.2027
3.2027
3.2027
3.2027
3.2027
3.2027
3.2027
3.2027
3.2027
3.2027
3.2027
3.2027
3.2027
3.2027
3.2027
3.2027
3.2027
3.2027
3.2027
3.2027
3.2027
3.2027
3.2027
3.2027
3.2
3.2
3.2
3.2
3.2
3.2
3.2
3.2
3.2
3.2
3.2
3.2
3.2
3.2
3.2
3.2
3.2
3.2
3.2
3.23529
3.23529
3.23529
3.23529
3.23529
3.23529
3.23529
3.23529
3.23529
3.23529
3.23529
3.23529
3.23529
3.23529
3.23529
3.23529
3.23529
3.23529
3.23529
3.23529
3.23529
3.23529
3.23529
3.23529
3.24756
3.24756
3.24756
3.24756
3.24756
3.24756
3.24756
3.24756
3.24756
3.24756
3.24756
3.24756
3.24756
3.28155
3.28155
3.28155
3.28155
3.28155
3.28155
3.28155
3.28155
3.28155
3.28155
3.28155
3.28155
3.28155
3.28155
3.28155
3.26923
3.26582
3.26582
3.26582
3.26582
3.26582
3.26582
3.26582
3.26582
3.26582
3.26582
3.26582
3.26582
3.26582
3.26582
3.26582
3.26582
3.26582
3.26582
3.26582
3.26582
3.26582
3.25157
3.25157
3.25157
3.25157
3.25157
3.25157
3.25157
3.25157
3.25157
3.25157
3.25157
3.25157
3.25157
3.25157
3.25
3.23602
3.23602
3.23602
3.23602
3.23602
3.23602
3.23602
3.23602
3.23602
3.23602
3.23602
3.23602
3.23602
3.23602
3.23602
3.23292
3.23292
3.23292
3.23292
3.23292
3.23292
3.23292
3.23292
3.23292
3.23292
3.23292
3.23292
3.23292
3.23292
3.23292
3.23292
3.23292
3.23292
3.23292
3.24458
3.24458
3.24458
3.24458
3.24458
3.24458
3.24458
3.24458
3.28834
3.28834
3.28834
3.28834
3.28834
3.28834
3.28834
3.28834
3.28834
3.28834
3.28834
3.28834
3.28834
3.28834
3.28834
3.28834
3.28834
3.28834
3.31804
3.31804
3.31804
3.31804
3.31804
3.30395
3.30395
3.30395
3.30395
3.30395
3.30395
3.30395
3.30395
3.3003
3.3003
3.3003
3.3003
3.3003
3.3003
3.3003
3.3003
3.3003
3.3003
3.3003
3.3003
3.31642
3.31642
3.31642
3.31642
3.31642
3.31642
3.31642
3.31642
3.31642
3.31642
3.31642
3.31642
3.31642
3.31642
3.31642
3.31642
3.31642
3.31642
3.31642
3.31642
3.31642
3.31642
3.31642
3.31642
3.31642
3.31642
3.31642
3.31642
3.31642
3.31642
3.31642
3.31642
3.31642
3.33333
3.31965
3.31965
3.31965
3.31965
3.31965
3.31965
3.31965
3.31965
3.31965
3.31965
3.31965
3.31965
3.31965
3.30612
3.30612
3.30612
3.30612
3.30612
3.30612
3.30612
3.30612
3.31395
3.31395
3.31395
3.31395
3.31395
3.31395
3.31395
3.31395
3.31395
3.32464
3.32464
3.32464
3.32464
3.32464
3.32464
3.32464
3.32464
3.32464
3.32464
3.32464
3.32464
3.32948
3.32948
3.32948
3.32948
3.32948
3.32948
3.32948
3.33718
3.33718
3.33718
3.33718
3.33718
3.33718
3.33718
3.33718
3.33718
3.33718
3.33718
3.33718
3.33718
3.33718
3.33718
3.33718
3.32378
3.32378
3.31909
3.31909
3.31909
3.31909
3.31909
3.31909
3.31909
3.31909
3.31909
3.31909
3.31909
3.31909
3.30595
3.30595
3.30595
3.30595
3.30595
3.30595
3.30595
3.30595
3.30595
3.30595
3.30595
3.30595
3.30595
3.30595
3.30595
3.30595
3.30595
3.30595
3.30595
3.30595
3.30595
3.30595
3.30595
3.30595
3.30595
3.30226
3.30226
3.30226
3.30226
3.30226
3.30226
3.30226
3.30226
3.30226
3.30226
3.30226
3.30226
3.30226
3.30226
3.30226
3.30226
3.30226
3.30226
3.30226
3.30226
3.30226
3.30226
3.30226
3.30226
3.30226
3.30226
3.30226
3.30226
3.30226
3.30226
3.30226
3.30226
3.30226
3.30226
3.30226
3.30226
3.30226
3.30226
3.30226
3.30226
3.30226
3.30226
3.30226
3.30226
3.30226
3.30226
3.30226
3.30226
3.30226
3.28933
3.28933
3.28933
3.28933
3.28933
3.28291
3.28291
3.28291
3.28291
3.28291
3.28291
3.28291
3.28291
3.28291
3.28291
3.28291
3.28291
3.28291
3.28291
3.28291
3.28291
3.28291
3.28291
3.28291
3.28291
3.28291
3.28291
3.28291
3.28291
3.28291
3.28291
3.28291
3.28291
3.28291
3.28291
3.28291
3.28291
3.28291
3.28291
3.31129
3.31129
3.31129
3.31129
3.31129
3.31129
3.31129
3.31129
3.31129
3.31129
3.31129
3.31129
3.31129
3.31129
3.31129
3.31129
3.30495
3.30495
3.30495
3.29428
3.29428
3.29428
3.29428
3.28184
3.28184
3.28184
3.28184
3.28184
3.28184
3.28184
3.28184
3.28184
3.28919
3.28919
3.28919
3.28919
3.28919
3.28919
3.28919
3.28919
3.28919
3.28919
3.28919
3.28919
3.28919
3.28919
3.28919
3.28919
3.28919
3.28919
3.28919
3.28919
3.28919
3.28919
3.28919
3.28919
3.28919
3.28919
3.28919
3.28919
3.28919
3.28919
3.28919
3.28919
3.28919
3.28919
3.28919
3.28919
3.28919
3.28919
3.28919
3.28919
3.28919
3.28919
3.28919
3.28919
3.28919
3.28919
3.28919
3.28919
3.28919
3.28919
3.28919
3.28919
3.28919
3.27688
3.27688
3.27688
3.27688
3.27688
3.27688
3.27688
3.27688
3.26667
3.26667
3.26667
3.27586
3.27586
3.27586
3.27586
3.27586
3.27586
3.27586
3.27586
3.27586
3.27586
3.27586
3.27586
3.27586
3.27586
3.27586
3.27586
3.27586
3.27586
3.27586
3.27586
3.27586
3.27586
3.27586
3.27586
3.27586
3.27586
3.27586
3.27586
3.27586
3.27586
3.27586
3.27586
3.27586
3.27586
3.27586
3.27586
3.27586
3.27586
3.27586
3.27586
3.27586
3.27586
3.27586
3.27586
3.27586
3.27586
3.27586
3.27586
3.27586
3.27586
3.27586
3.27586
3.27586
3.27586
3.27586
3.27586
3.27586
3.27586
3.27586
3.27297
3.27297
3.27297
3.27297
3.27297
3.27297
3.27297
3.27297
3.27297
3.27297
3.27297
3.27297
3.27297
3.2611
3.2611
3.2611
3.2611
3.2611
3.2611
3.2611
3.2611
3.2611
3.3699
3.3699
3.3699
3.3699
3.3699
3.3699
3.3699
3.3699
3.3699
3.3699
3.3699
3.3699
3.3699
3.3699
3.3699
3.3699
3.3699
3.3699
3.3699
3.3699
3.3699
3.3699
3.3699
3.3699
3.3699
3.3699
3.3699
3.3699
3.3699
3.3699
3.3699
3.3699
3.3699
3.3699
3.3699
3.3699
3.3699
3.3699
3.3699
3.3699
3.3699
3.3699
3.3699
3.3699
3.3699
3.3699
3.3699
3.3699
3.3699
3.3699
3.3699
3.3699
3.3699
3.35787
3.35787
3.35787
3.35787
3.35787
3.46154
3.46154
3.46154
3.46154
3.45545
3.45545
3.45545
3.45545
3.45545
3.45545
3.4505
3.4505
3.4505
3.4505
3.4505
3.4505
3.4505
3.4505
3.4505
3.4505
3.4505
3.4505
3.4505
3.4505
3.4505
3.4505
3.4505
3.4505
3.4505
3.4505
3.4505
3.4505
3.4505
3.4505
3.4505
3.4505
3.4505
3.4505
3.4505
3.4505
3.4505
3.4505
3.4505
3.4505
3.4505
3.4505
3.4505
3.4505
3.4505
3.4505
3.4505
3.43842
3.43842
3.45209
3.45209
3.45209
3.45209
3.45209
3.45209
3.45209
3.45209
3.45209
3.45209
3.45209
3.45209
3.45209
3.45209
3.45209
3.45209
3.45209
3.45209
3.45209
3.45209
3.45209
3.45209
3.45209
3.45209
3.45209
3.45209
3.45209
3.45209
3.4401
3.4401
3.4401
3.4401
3.4401
3.4401
3.4401
3.4401
3.4401
3.4401
3.4401
3.4401
3.4401
3.42961
3.42961
3.42961
3.42961
3.42961
3.42961
3.42961
3.42961
3.42961
3.42961
3.42961
3.42961
3.42961
3.42961
3.42961
3.42961
3.42961
3.42961
3.42961
3.42961
3.42961
3.42961
3.42961
3.42961
3.42961
3.42961
3.42961
3.42961
3.42961
3.42961
3.42961
3.42961
3.42961
3.42961
3.42961
3.42961
3.42961
3.42961
3.42961
3.42961
3.42961
3.42961
3.42961
3.42961
3.42961
3.42961
3.42961
3.42961
3.42961
3.42961
3.42961
3.42961
3.42961
3.42961
3.42961
3.42961
3.42961
3.42961
3.42961
3.41787
3.41787
3.41787
3.41787
3.41787
3.41787
3.40625
3.40625
3.40625
3.40625
3.40625
3.40625
3.40625
3.40625
3.40625
3.40625
3.40625
3.40625
3.40625
3.40625
3.40625
3.40625
3.40625
3.40625
3.40625
3.40625
3.40625
3.41966
3.42721
3.42721
3.42721
3.42721
3.42721
3.42721
3.42721
3.42721
3.42721
3.42721
3.42721
3.42721
3.42721
3.42721
3.42721
3.42721
3.42721
3.42721
3.42721
3.42721
3.42721
3.42721
3.42721
3.42721
3.42721
3.42721
3.41568
3.41568
3.41568
3.40426
3.40426
3.40426
3.40426
3.40426
3.40426
3.40426
3.40426
3.40426
3.40426
3.40426
3.40426
3.40426
3.40426
3.40426
3.40426
3.40426
3.40426
3.39294
3.39294
3.39294
3.39294
3.39294
3.39294
3.39294
3.39294
3.39294
3.39294
3.39294
3.39294
3.39294
3.39294
3.39294
3.39294
3.39294
3.39294
3.39294
3.39294
3.39294
3.39294
3.39294
3.39294
3.39294
3.39294
3.39294
3.39294
3.39294
3.39294
3.39294
3.39294
3.39294
3.39294
3.39294
3.39294
3.39294
3.39294
3.39294
3.39294
3.38173
3.38173
3.38173
3.38173
3.38173
3.38173
3.38173
3.37819
3.37819
3.37819
3.37819
3.37819
3.37819
3.37819
3.37819
3.37819
3.37819
3.37819
3.37819
3.37819
3.37819
3.37819
3.37819
3.37819
3.37269
3.37269
3.37269
3.37269
3.37269
3.37269
3.36322
3.35991
3.35991
3.35991
3.35991
3.35991
3.35991
3.35991
3.35991
3.35991
3.35991
3.35991
3.35991
3.35991
3.35991
3.35991
3.34921
3.34921
3.34921
3.34921
3.34921
3.34921
3.34921
3.34921
3.34921
3.34921
3.34921
3.34921
3.34921
3.34921
3.34615
3.34615
3.34615
3.34615
3.34615
3.34615
3.34615
3.34615
3.34615
3.34615
3.34615
3.34615
3.34615
3.34615
3.34615
3.34615
3.34615
3.34615
3.34615
3.34615
3.34615
3.34615
3.34615
3.34615
3.34615
3.34615
3.34615
3.34615
3.34615
3.34615
3.34615
3.34615
3.34615
3.34615
3.34615
3.34615
3.34615
3.34615
3.34615
3.34615
3.34615
3.34615
3.34615
3.34615
3.34615
3.34615
3.34615
3.34615
3.34615
3.34615
3.34615
3.34615
3.34615
3.34615
3.34615
3.34615
3.34615
3.34615
3.34615
3.34615
3.34615
3.34615
3.34615
3.34615
3.34615
3.34615
3.34615
3.34615
3.34615
3.34615
3.34615
3.34615
3.34615
3.34615
3.34615
3.34615
3.34615
3.36937
3.36937
3.36937
3.36937
3.36937
3.37528
3.37528
3.37528
3.37528
3.37528
3.37528
3.37528
3.37528
3.37528
3.40222
3.3969
3.3969
3.3969
3.3969
3.3969
3.3969
3.3969
3.3969
3.3969
3.3969
3.3969
3.3969
3.3969
3.3969
3.3969
3.3969
3.3969
3.3969
3.3969
3.3969
3.3969
3.3969
3.3969
3.3969
3.3969
3.3969
3.3969
3.3969
3.3969
3.3969
3.3969
3.3969
3.3969
3.3969
3.3969
3.3969
3.38767
3.38767
3.37719
3.37719
3.37719
3.37719
3.37719
3.37719
3.37719
3.37719
3.37719
3.37719
3.37719
3.37719
3.37719
3.37719
3.37719
3.37719
3.37719
3.37719
3.37719
3.37719
3.37719
3.37719
3.37719
3.37719
3.37719
3.37719
3.37719
3.37719
3.37719
3.37719
3.37719
3.37719
3.37719
3.37719
3.37719
3.37719
3.37391
3.37391
3.37391
3.37391
3.38612
3.38612
3.38612
3.38612
3.38612
3.38612
3.38612
3.38612
3.38612
3.38612
3.38612
3.38612
3.38612
3.38612
3.38612
3.38612
3.38612
3.38612
3.38612
3.41991
3.41991
3.41991
3.41991
3.41991
3.41991
3.41991
3.41991
3.41991
3.40948
3.40948
3.40948
3.40948
3.40948
3.40948
3.40948
3.40948
3.40948
3.40948
3.40948
3.40948
3.40948
3.40948
3.40948
3.40948
3.4043
3.4043
3.4043
3.4043
3.4043
3.4043
3.4043
3.4043
3.4043
3.4043
3.4043
3.4043
3.4043
3.4043
3.4043
3.39914
3.40552
3.40552
3.40552
3.40552
3.40552
3.40552
3.40552
3.40552
3.40552
3.40552
3.40552
3.40552
3.40552
3.40552
3.40552
3.40552
3.40552
3.40552
3.40552
3.40552
3.40552
3.40764
3.39746
3.39746
3.39746
3.39746
3.39746
3.39746
3.39746
3.39746
3.4834
3.4834
3.4834
3.4834
3.48967
3.48967
3.48967
3.48967
3.48967
3.48967
3.48967
3.48967
3.48967
3.48967
3.48967
3.48967
3.48967
3.48967
3.48967
3.48967
3.48967
3.48967
3.49691
3.49691
3.49691
3.49691
3.49691
3.49691
3.49691
3.49691
3.49691
3.49691
3.49794
3.49794
3.49794
3.49794
3.49794
3.49794
3.49794
3.49794
3.49794
3.49794
3.49794
3.49794
3.49794
3.49794
3.49794
3.49794
3.49794
3.49794
3.49794
3.49794
3.4877
3.4877
3.4877
3.4877
3.4877
3.4877
3.4877
3.4877
3.4877
3.4877
3.4877
3.4877
3.4877
3.47755
3.47755
3.47755
3.47755
3.47755
3.47755
3.47755
3.47755
3.47755
3.47755
3.47755
3.47755
3.47755
3.47755
3.47755
3.47755
3.46748
3.46748
3.46748
3.46748
3.46748
3.46748
3.46748
3.46748
3.46748
3.46748
3.46748
3.46748
3.46748
3.46748
3.46748
3.46748
3.46748
3.46748
3.46748
3.46748
3.46748
3.46748
3.46748
3.46748
3.46748
3.46748
3.46748
3.46748
3.46748
3.46748
3.46748
3.46748
3.46748
3.46748
3.46748
3.46748
3.46748
3.46748
3.46748
3.46748
3.46748
3.46748
3.46748
3.46748
3.46748
3.46748
3.45749
3.45749
3.45749
3.45749
3.45749
3.45749
3.45749
3.45749
3.45749
3.45749
3.45749
3.45749
3.45749
3.45749
3.45749
3.45749
3.45749
3.45951
3.45951
3.45951
3.45951
3.45951
3.45951
3.45951
3.45951
3.45951
3.45951
3.45951
3.45951
3.45951
3.45951
3.45951
3.45951
3.45951
3.45951
3.45951
3.45951
3.45951
3.4496
3.4496
3.4496
3.4496
3.4496
3.4496
3.4496
3.4496
3.4496
3.4496
3.47305
3.47305
3.47305
3.47305
3.47305
3.47305
3.47305
3.48509
3.48509
3.48509
3.48509
3.48509
3.48509
3.48509
3.48509
3.48509
3.48509
3.48509
3.48509
3.48509
3.48509
3.48509
3.48509
3.48509
3.48509
3.48509
3.48509
3.48509
3.48509
3.48509
3.48509
3.48509
3.48509
3.48509
3.48509
3.48509
3.48509
3.48509
3.47628
3.47628
3.47628
3.47628
3.47628
3.47628
3.47628
3.47628
3.47628
3.47628
3.47628
3.47628
3.47628
3.47628
3.47628
3.47628
3.47628
3.47628
3.47628
3.47628
3.47628
3.47628
3.47628
3.47628
3.47628
3.47628
3.47628
3.47628
3.47628
3.47628
3.47628
3.47628
3.47628
3.47628
3.47628
3.47628
3.47628
3.47628
3.47628
3.47628
3.47628
3.46758
3.46758
3.46758
3.47255
3.47255
3.47255
3.47255
3.47255
3.47255
3.47255
3.46967
3.46967
3.46967
3.46967
3.46967
3.46967
3.46967
3.46967
3.46967
3.46967
3.46967
3.46967
3.46967
3.46967
3.46967
3.46967
3.46967
3.46967
3.46967
3.46967
3.46967
3.46967
3.46967
3.46967
3.46967
3.46967
3.46967
3.46967
3.46967
3.46967
3.46967
3.46967
3.46967
3.46967
3.46967
3.46967
3.46967
3.47852
3.47852
3.47852
3.47852
3.47852
3.47852
3.47852
3.47852
3.47852
3.47852
3.47852
3.47852
3.47852
3.47852
3.47852
3.47852
3.47852
3.47852
3.47852
3.47852
3.4699
3.4699
3.4699
3.4699
3.4699
3.4699
3.4699
3.4699
3.4699
3.4699
3.4699
3.4699
3.4699
3.4699
3.4699
3.4699
3.4699
3.4699
3.4699
3.4699
3.4699
3.4699
3.4699
3.4699
3.4699
3.47104
3.47104
3.47104
3.47104
3.47104
3.47104
3.47104
3.47104
3.47104
3.47104
3.47104
3.47104
3.47104
3.47104
3.47104
3.47104
3.47104
3.47104
3.47104
3.47104
3.47104
3.47104
3.47104
3.47104
3.46743
3.46743
3.46743
3.46743
3.46743
3.46743
3.46743
3.46743
3.46743
3.46743
3.46743
3.46743
3.46743
3.46743
3.46743
3.46743
3.46743
3.46743
3.48485
3.48485
3.48485
3.48485
3.48485
3.48485
3.48485
3.48485
3.48485
3.48485
3.48485
3.48485
3.48485
3.48771
3.48771
3.48771
3.48771
3.48771
3.48771
3.48771
3.48771
3.48771
3.48771
3.48771
3.48771
3.48771
3.48771
3.48771
3.48771
3.48771
3.48771
3.48771
3.48771
3.48771
3.48771
3.48771
3.48771
3.48771
3.49153
3.49153
3.49153
3.60967
3.60967
3.60967
3.60967
3.60967
3.60967
3.60967
3.60967
3.60967
3.60967
3.60967
3.60967
3.60967
3.60967
3.60967
3.60967
3.60967
3.60967
3.60967
3.60967
3.60967
3.60967
3.60967
3.60967
3.60967
3.60967
3.60967
3.60967
3.60967
3.60967
3.60967
3.60967
3.60967
3.60967
3.62338
3.62338
3.62338
3.64338
3.64338
3.64338
3.64338
3.64338
3.64338
3.64338
3.64338
3.64338
3.64338
3.64338
3.64338
3.64587
3.64587
3.64587
3.64587
3.64587
3.64587
3.64587
3.64587
3.64587
3.64587
3.64587
3.64587
3.64587
3.64587
3.64587
3.64587
3.64587
3.64587
3.64587
3.64587
3.64587
3.64587
3.64587
3.64587
3.64587
3.64587
3.64587
3.64587
3.64587
3.64587
3.64587
3.64587
3.64587
3.64587
3.64587
3.64587
3.64587
3.64587
3.64587
3.64587
3.64587
3.64587
3.64587
3.6362
3.6362
3.6362
3.6362
3.6362
3.6362
3.6362
3.6362
3.6362
3.6362
3.6362
3.6362
3.6362
3.6362
3.6362
3.6362
3.6362
3.6362
3.62659
3.62659
3.62659
3.62659
3.62659
3.61706
3.61706
3.61706
3.61706
3.61706
3.61706
3.61706
3.6083
3.6083
3.6083
3.6083
3.6083
3.59964
3.59964
3.59964
3.59964
3.59964
3.59964
3.59107
3.59107
3.59107
3.59107
3.59107
3.59107
3.59107
3.59107
3.59107
3.59107
3.59107
3.59107
3.59107
3.59107
3.59107
3.59107
3.59107
3.59107
3.59107
3.59107
3.59107
3.59107
3.59107
3.59107
3.58688
3.58688
3.58688
3.63462
3.63462
3.63462
3.63462
3.63462
3.63462
3.63462
3.63462
3.63462
3.63462
3.63462
3.63462
3.62609
3.62609
3.62609
3.62609
3.62609
3.62609
3.62609
3.62609
3.62609
3.62609
3.62931
3.62931
3.62931
3.62027
3.62027
3.62027
3.62027
3.62027
3.62027
3.62027
3.62027
3.62027
3.62027
3.6295
3.6295
3.6295
3.6295
3.6295
3.62051
3.62051
3.62051
3.62051
3.62051
3.62051
3.62051
3.62051
3.62051
3.62051
3.62051
3.62051
3.62051
3.62051
3.62051
3.62051
3.62051
3.62051
3.62051
3.62051
3.62051
3.62051
3.62051
3.62051
3.62051
3.62051
3.62051
3.62051
3.62051
3.62051
3.62051
3.62051
3.62051
3.62051
3.62051
3.62051
3.62051
3.62051
3.62051
3.62051
3.62051
3.62051
3.62051
3.62051
3.62051
3.62051
3.62051
3.62051
3.62051
3.62075
3.62075
3.62075
3.62075
3.62075
3.62075
3.62075
3.62075
3.62075
3.62075
3.62075
3.62075
3.62075
3.62075
3.62075
3.62075
3.62075
3.62075
3.61186
3.61186
3.60371
3.60371
3.60371
3.60371
3.60371
3.60371
3.59496
3.59496
3.59496
3.59496
3.59496
3.59496
3.59496
3.59496
3.59496
3.59496
3.59496
3.59496
3.59496
3.59496
3.59496
3.59496
3.59496
3.59129
3.59129
3.59129
3.59129
3.59129
3.59129
3.59129
3.59129
3.59129
3.59129
3.59129
3.59129
3.59129
3.59129
3.59129
3.59129
3.59129
3.59129
3.59129
3.59129
3.59129
3.59129
3.59129
3.59129
3.59129
3.59129
3.59129
3.59129
3.59129
3.59129
3.59129
3.59129
3.59129
3.59129
3.59129
3.59129
3.59129
3.59129
3.59129
3.59129
3.59129
3.59129
3.59129
3.59866
3.60601
3.60601
3.60601
3.60601
3.60601
3.60601
3.60601
3.60601
3.60601
3.60601
3.60601
3.60601
3.60601
3.60601
3.60601
3.60631
3.60631
3.60631
3.60631
3.60631
3.60631
3.60631
3.60631
3.60631
3.60631
3.60631
3.60631
3.60631
3.60631
3.60631
3.60631
3.62023
3.62023
3.62023
3.62023
3.62023
3.62023
3.61614
3.61614
3.61614
3.61614
3.61614
3.61614
3.61614
3.61614
3.61614
3.61614
3.61614
3.61614
3.61614
3.61614
3.61614
3.61614
3.61614
3.61614
3.61614
3.61614
3.61614
3.61614
3.61614
3.61614
3.61614
3.61614
3.61614
3.61614
3.61614
3.61614
3.61614
3.61614
3.61614
3.61614
3.61614
3.61614
3.61614
3.61614
3.61614
3.61614
3.61614
3.61614
3.61614
3.61614
3.61614
3.61614
3.61614
3.61614
3.61614
3.61614
3.61614
3.61614
3.60755
3.60755
3.60755
3.60755
3.60755
3.60755
3.60755
3.60755
3.60755
3.60755
3.60755
3.60755
3.60755
3.60755
3.60755
3.60755
3.60755
3.60755
3.60755
3.60755
3.60755
3.60755
3.60755
3.60755
3.62131
3.62131
3.62131
3.62131
3.62131
3.62131
3.63175
3.63175
3.63175
3.63175
3.63175
3.62316
3.62316
3.62316
3.62316
3.62316
3.62316
3.62316
3.62316
3.62316
3.62316
3.62316
3.64495
3.64495
3.64495
3.64495
3.64495
3.64495
3.64495
3.64495
3.64495
3.64878
3.64878
3.64878
3.64459
3.64459
3.65539
3.65539
3.65539
3.65539
3.65539
3.65539
3.65539
3.65539
3.65539
3.65539
3.65539
3.65539
3.65539
3.65539
3.65539
3.65539
3.65539
3.65539
3.65539
3.65539
3.65539
3.65539
3.65539
3.64744
3.64744
3.64744
3.64744
3.65024
3.65024
3.65024
3.65024
3.65024
3.65024
3.65024
3.64241
3.64241
3.64241
3.64241
3.64241
3.64241
3.64241
3.64241
3.64241
3.64241
3.64241
3.64241
3.64241
3.64241
3.64241
3.64521
3.64521
3.64521
3.64521
3.64521
3.64521
3.64521
3.64521
3.64521
3.64521
3.64521
3.64521
3.64521
3.64521
3.6375
3.6375
3.6375
3.6375
3.6375
3.6375
3.6375
3.6375
3.6375
3.6375
3.6375
3.6375
3.6375
3.6375
3.6375
3.6375
3.6375
3.6375
3.6375
3.6375
3.6375
3.6375
3.6375
3.6375
3.6375
3.6375
3.6375
3.6375
3.6375
3.6375
3.6375
3.6375
3.6375
3.6375
3.6375
3.6375
3.6375
3.6375
3.6375
3.6375
3.6375
3.6375
3.6375
3.62928
3.62928
3.62928
3.62928
3.62928
3.62519
3.62519
3.62519
3.62519
3.62519
3.62519
3.62519
3.62519
3.62519
3.62519
3.62519
3.62519
3.63354
3.63354
3.63354
3.63354
3.63354
3.63354
3.63354
3.63354
3.63354
3.63354
3.63354
3.63354
3.63354
3.63354
3.63354
3.63354
3.63354
3.63354
3.63354
3.63354
3.63354
3.63354
3.63354
3.63354
3.63354
3.63354
3.63354
3.63354
3.63354
3.63354
3.63354
3.63354
3.63354
3.63354
3.63354
3.63354
3.63354
3.63354
3.63354
3.63354
3.63354
3.63354
3.62597
3.62597
3.62597
3.62597
3.62597
3.62597
3.62597
3.62597
3.62597
3.62597
3.62597
3.62597
3.62597
3.62597
3.62597
3.61846
3.61846
3.61846
3.61043
3.61043
3.61043
3.61043
3.61562
3.61562
3.61562
3.61562
3.61468
3.61468
3.61468
3.61468
3.61468
3.60671
3.60671
3.60671
3.60671
3.59878
3.59878
3.59878
3.59878
3.59878
3.59878
3.59878
3.59091
3.59091
3.59091
3.59091
3.59091
3.59091
3.59091
3.59091
3.59091
3.59091
3.58308
3.58308
3.58308
3.58308
3.58308
3.58308
3.58308
3.58308
3.58308
3.58308
3.58308
3.58308
3.58308
3.58308
3.58308
3.58308
3.58308
3.57594
3.57594
3.57594
3.57293
3.57293
3.57293
3.5967
3.5967
3.5967
3.5967
3.5967
3.5967
3.5967
3.60921
3.60921
3.60921
3.60921
3.60921
3.60921
3.60921
3.60921
3.60921
3.60921
3.60921
3.60921
3.60921
3.60921
3.60921
3.60921
3.60921
3.60921
3.60921
3.60921
3.60921
3.60682
3.60682
3.60682
3.60682
3.60682
3.60682
3.60682
3.60682
3.60682
3.60682
3.60682
3.60682
3.60682
3.60741
3.60741
3.60741
3.60741
3.60741
3.60029
3.60029
3.60029
3.60029
3.60029
3.60029
3.60029
3.60029
3.60029
3.60029
3.60029
3.60029
3.60029
3.60029
3.60029
3.60029
3.60029
3.60029
3.60029
3.60029
3.60029
3.60029
3.60029
3.60029
3.60029
3.60029
3.60029
3.60029
3.60029
3.60029
3.60029
3.60029
3.60029
3.60029
3.60029
3.60029
3.60029
3.60029
3.60029
3.60029
3.60029
3.59265
3.59265
3.59265
3.59265
3.59265
3.59265
3.59265
3.59265
3.63227
3.63227
3.63861
3.63861
3.63861
3.63861
3.63861
3.63861
3.63861
3.63861
3.63861
3.63861
3.63861
3.63861
3.63861
3.63861
3.63861
3.63861
3.63861
3.63861
3.63861
3.63861
3.63861
3.63861
3.63861
3.63861
3.63861
3.63861
3.63861
3.63861
3.63861
3.63861
3.63861
3.63861
3.63478
3.63478
3.63478
3.63478
3.63478
3.63478
3.63478
3.63478
3.63478
3.63478
3.63478
3.63478
3.63478
3.62717
3.62717
3.62717
3.6196
3.6196
3.6196
3.62878
3.62878
3.62878
3.62878
3.62878
3.62878
3.62878
3.62878
3.62878
3.62878
3.62878
3.62878
3.62878
3.62878
3.62878
3.62878
3.62878
3.62878
3.62878
3.62878
3.62878
3.62878
3.62878
3.62878
3.62878
3.62878
3.62878
3.62878
3.62878
3.62878
3.62878
3.62123
3.62123
3.62123
3.62123
3.62123
3.62123
3.62123
3.62123
3.62123
3.62123
3.62123
3.62123
3.62123
3.62123
3.62123
3.62123
3.62123
3.62123
3.62123
3.62123
3.61373
3.61373
3.61373
3.61373
3.61373
3.61373
3.61373
3.61373
3.61373
3.61373
3.61373
3.61373
3.61373
3.61373
3.61373
3.61373
3.61373
3.61373
3.61373
3.61373
3.61373
3.61373
3.61373
3.61373
3.61373
3.61373
3.61373
3.61373
3.61373
3.61373
3.61373
3.61373
3.61373
3.60628
3.60628
3.60628
3.60628
3.60628
3.60628
3.60628
3.60628
3.60628
3.60628
3.60628
3.60628
3.60628
3.60628
3.60628
3.60628
3.60628
3.61769
3.61769
3.61769
3.61769
3.61769
3.61769
3.61769
3.61769
3.61769
3.61769
3.61769
3.61769
3.61769
3.62251
3.62251
3.62251
3.62251
3.62251
3.62251
3.61506
3.61506
3.61506
3.61506
3.61506
3.61506
3.61506
3.61506
3.61506
3.61506
3.61506
3.61506
3.61506
3.61506
3.61506
3.61506
3.61506
3.61506
3.61506
3.61506
3.61506
3.61506
3.61506
3.61506
3.61506
3.61158
3.61158
3.61158
3.61158
3.61158
3.61158
3.61158
3.61158
3.61158
3.61158
3.61158
3.61158
3.61158
3.61158
3.61158
3.61158
3.61158
3.61158
3.61158
3.61158
3.61158
3.61158
3.61158
3.61158
3.61158
3.61158
3.61158
3.61158
3.61158
3.61158
3.61158
3.61158
3.61158
3.61158
3.61158
3.61158
3.61158
3.61158
3.61158
3.61158
3.61158
3.61158
3.61158
3.61158
3.61158
3.61158
3.61158
3.61158
3.61158
3.61158
3.61158
3.61158
3.61158
3.61158
3.61158
3.61017
3.61017
3.61017
3.61017
3.61017
3.60649
3.60986
3.60986
3.60986
3.60986
3.60986
3.60986
3.60986
3.60986
3.60986
3.60986
3.60986
3.60986
3.60986
3.60986
3.60986
3.60986
3.60986
3.60986
3.60986
3.60986
3.60986
3.60986
3.60986
3.60986
3.60986
3.60986
3.60986
3.60986
3.60986
3.60986
3.60986
3.60986
3.60986
3.60986
3.60986
3.60986
3.60986
3.66852
3.66852
3.66852
3.66852
3.66852
3.66852
3.66852
3.66852
3.66852
3.66852
3.66852
3.66852
3.66852
3.66111
3.66111
3.66111
3.67129
3.67129
3.67129
3.67129
3.67129
3.67129
3.67129
3.67129
3.67129
3.67129
3.67129
3.67129
3.67129
3.67129
3.67129
3.67129
3.67129
3.67129
3.67129
3.67129
3.67129
3.67129
3.6639
3.6639
3.6639
3.6639
3.6639
3.6639
3.6639
3.6639
3.6639
3.6639
3.6639
3.6639
3.6639
3.6639
3.6639
3.6639
3.6639
3.6639
3.6639
3.6639
3.6639
3.6639
3.6639
3.6639
3.6639
3.6639
3.6639
3.6639
3.66025
3.66025
3.66025
3.66025
3.66025
3.66025
3.66025
3.66025
3.66025
3.66025
3.66025
3.66025
3.66025
3.66025
3.66025
3.66025
3.66025
3.66025
3.66025
3.65342
3.66211
3.66211
3.66211
3.66211
3.66211
3.66211
3.66211
3.66211
3.65531
3.65531
3.65531
3.65531
3.65531
3.65531
3.65531
3.65531
3.65531
3.65531
3.65531
3.65531
3.65531
3.65531
3.65531
3.65531
3.65531
3.65531
3.65531
3.65531
3.65531
3.65531
3.65531
3.65531
3.65531
3.65531
3.65531
3.65531
3.65531
3.65531
3.65531
3.65531
3.65765
3.65765
3.65765
3.65765
3.65765
3.65765
3.65765
3.65765
3.65765
3.65765
3.65765
3.65765
3.6541
3.6541
3.6541
3.6541
3.6541
3.6541
3.6541
3.6541
3.6541
3.6541
3.6541
3.6541
3.6541
3.6541
3.6541
3.6541
3.6541
3.6541
3.6541
3.6541
3.6541
3.6541
3.6541
3.6541
3.64698
3.64698
3.64698
3.64698
3.64698
3.64698
3.64698
3.64698
3.64698
3.64698
3.64698
3.64698
3.64698
3.64698
3.64698
3.64698
3.64698
3.64698
3.64698
3.64698
3.64698
3.64698
3.63989
3.63989
3.63989
3.63989
3.63989
3.63989
3.63989
3.63989
3.63648
3.63648
3.63648
3.63648
3.63648
3.63648
3.63648
3.63648
3.63648
3.62997
3.62997
3.62997
3.62997
3.63588
3.63588
3.63588
3.63588
3.63588
3.63588
3.63588
3.63588
3.63588
3.64559
3.64559
3.64559
3.64559
3.64559
3.64559
3.64559
3.64559
3.64211
3.64211
3.64211
3.64211
3.64211
3.64211
3.64211
3.63517
3.63517
3.63517
3.63517
3.63517
3.63517
3.63517
3.63517
3.62827
3.62827
3.62827
3.62827
3.62827
3.62827
3.625
3.625
3.625
3.625
3.625
3.625
3.625
3.625
3.625
3.625
3.625
3.625
3.625
3.625
3.625
3.625
3.625
3.625
3.625
3.625
3.625
3.625
3.625
3.625
3.625
3.625
3.625
3.625
3.625
3.625
3.625
3.625
3.625
3.625
3.625
3.625
3.625
3.625
3.625
3.625
3.625
3.625
3.625
3.625
3.625
3.625
3.625
3.625
3.625
3.625
3.625
3.625
3.625
3.625
3.625
3.625
3.625
3.625
3.625
3.625
3.625
3.625
3.625
3.61818
3.61818
3.61818
3.61818
3.61818
3.61818
3.61818
3.61818
3.61818
3.61818
3.61818
3.61818
3.61818
3.61818
3.61818
3.61818
3.61818
3.61818
3.61818
3.61818
3.61818
3.61818
3.6114
3.6114
3.6114
3.60802
3.60802
3.60802
3.60802
3.60802
3.60802
3.60802
3.60802
3.60802
3.60802
3.60802
3.60802
3.60802
3.60802
3.61054
3.61054
3.61054
3.61054
3.61054
3.61054
3.61054
3.61054
3.61054
3.61054
3.61054
3.61054
3.61054
3.61054
3.61054
3.61054
3.61054
3.61054
3.61054
3.61054
3.62003
3.61381
3.61381
3.61381
3.61381
3.61381
3.61381
3.61381
3.61381
3.61381
3.61381
3.61381
3.61381
3.61381
3.61381
3.61381
3.61381
3.61381
3.61381
3.61814
3.61146
3.61146
3.61146
3.61146
3.61146
3.61146
3.60483
3.60483
3.60483
3.60483
3.60483
3.60483
3.60483
3.60483
3.60483
3.60483
3.60483
3.60837
3.60859
3.60859
3.60859
3.60859
3.60859
3.60859
3.60859
3.60859
3.60859
3.60859
3.60859
3.60859
3.60859
3.60859
3.60859
3.60859
3.60859
3.60859
3.60859
3.60859
3.60859
3.60859
3.60859
3.60859
3.60859
3.60859
3.60202
3.60202
3.60202
3.60202
3.60202
3.6
3.6
3.6
3.6
3.6
3.6
3.6
3.6
3.6
3.6
3.6
3.6
3.6
3.6
3.6
3.6
3.6
3.6
3.60302
3.60302
3.60302
3.60302
3.60302
3.60302
3.60302
3.60302
3.60302
3.60302
3.60302
3.60302
3.60302
3.60302
3.60302
3.60302
3.60302
3.597
3.597
3.6025
3.6025
3.6025
3.6025
3.6025
3.6025
3.603
3.603
3.603
3.603
3.603
3.59651
3.59651
3.59651
3.59651
3.59006
3.59006
3.59006
3.59006
3.59006
3.59006
3.58882
3.58882
3.58882
3.58882
3.58882
3.58882
3.58882
3.58882
3.58882
3.59305
3.59305
3.59305
3.59305
3.59305
3.59305
3.58714
3.58714
3.58714
3.58714
3.58714
3.58714
3.58714
3.58889
3.58889
3.58889
3.58889
3.58889
3.58889
3.58889
3.58889
3.58889
3.58889
3.58889
3.58889
3.58889
3.58889
3.58889
3.58889
3.58889
3.58889
3.58889
3.58889
3.58889
3.58889
3.58889
3.58889
3.58889
3.58889
3.58889
3.58889
3.58889
3.58889
3.58889
3.58889
3.58889
3.58889
3.58889
3.58889
3.58889
3.58889
3.58889
3.58889
3.58889
3.59141
3.59141
3.59141
3.59141
3.59141
3.59141
3.60024
3.60024
3.60024
3.60024
3.60024
3.60024
3.60024
3.60366
3.60366
3.61192
3.61192
3.61192
3.60558
3.60558
3.60558
3.60558
3.60558
3.60558
3.60558
3.60558
3.60558
3.60558
3.60558
3.60558
3.60558
3.60558
3.60558
3.60558
3.60558
3.60558
3.60558
3.60558
3.60558
3.60558
3.60558
3.60558
3.60558
3.60558
3.60558
3.60558
3.60558
3.60558
3.60558
3.60558
3.60558
3.60558
3.60558
3.60558
3.60558
3.60558
3.60558
3.60558
3.60558
3.60558
3.60558
3.60558
3.60558
3.60266
3.60266
3.60266
3.60266
3.60266
3.60266
3.60266
3.60266
3.60266
3.60314
3.60314
3.60314
3.60314
3.60314
3.60314
3.60314
3.60314
3.60314
3.60314
3.60314
3.60314
3.60314
3.60314
3.60314
3.60314
3.60314
3.60314
3.60314
3.60314
3.60314
3.60314
3.60314
3.60314
3.60314
3.60314
3.60314
3.60314
3.60314
3.60314
3.60314
3.60314
3.60314
3.60361
3.60361
3.60048
3.60048
3.60048
3.60048
3.60048
3.60048
3.60048
3.60048
3.60048
3.60048
3.60048
3.60048
3.60048
3.60048
3.60048
3.60048
3.60048
3.60048
3.60048
3.60048
3.60048
3.60048
3.60048
3.60048
3.60048
3.60048
3.60048
3.60048
3.60048
3.60048
3.60048
3.60048
3.60048
3.60048
3.60048
3.60048
3.60048
3.60048
3.60048
3.60048
3.60048
3.60048
3.60048
3.60048
3.60048
3.60048
3.60048
3.60048
3.60048
3.60048
3.5976
3.5976
3.5976
3.5976
3.5976
3.5976
3.5976
3.5976
3.59189
3.59189
3.59189
3.59189
3.59189
3.59189
3.59189
3.59189
3.59189
3.59189
3.59189
3.59189
3.59189
3.59189
3.59189
3.59189
3.59189
3.59189
3.59189
3.59189
3.59189
3.59189
3.59189
3.59189
3.59189
3.59189
3.59189
3.59189
3.58571
3.58571
3.58571
3.58571
3.58571
3.58571
3.58571
3.58571
3.58571
3.58571
3.58817
3.58817
3.58817
3.58817
3.58817
3.58817
3.58205
3.58205
3.58205
3.58205
3.58205
3.58205
3.58205
3.58205
3.58205
3.58205
3.58205
3.58205
3.58205
3.58205
3.58205
3.58205
3.58205
3.58205
3.58205
3.58205
3.58205
3.58205
3.58205
3.58205
3.58205
3.58205
3.58205
3.58205
3.58205
3.58205
3.57597
3.57597
3.57597
3.57597
3.57597
3.57597
3.57597
3.57597
3.57597
3.57597
3.57597
3.56992
3.56992
3.56992
3.56992
3.56992
3.56992
3.5716
3.5716
3.5716
3.5716
3.5716
3.5716
3.5716
3.5716
3.56608
3.56608
3.56608
3.57607
3.57607
3.57607
3.57607
3.57607
3.57607
3.57607
3.57607
3.57607
3.57607
3.57607
3.57607
3.57607
3.5701
3.5701
3.5701
3.5701
3.5701
3.5701
3.5701
3.5701
3.5701
3.5701
3.5701
3.5701
3.5701
3.5701
3.5701
3.5701
3.5701
3.5701
3.5701
3.5701
3.5701
3.5701
3.5701
3.5701
3.5701
3.5701
3.5701
3.5701
3.5701
3.5701
3.5701
3.5701
3.5701
3.5701
3.5701
3.5701
3.5701
3.5701
3.5701
3.5701
3.5701
3.5701
3.5701
3.5701
3.5701
3.5701
3.5701
3.5701
3.5701
3.5701
3.5701
3.5701
3.5701
3.5701
3.5701
3.5701
3.5701
3.5701
3.5701
3.5701
3.5701
3.5701
3.5701
3.5701
3.5701
3.5701
3.5701
3.5701
3.5701
3.5701
3.56467
3.56467
3.56697
3.56697
3.56697
3.56697
3.56697
3.56697
3.56697
3.56697
3.56697
3.56697
3.56697
3.56157
3.59107
3.59107
3.59382
3.5879
3.5879
3.5879
3.5879
3.5879
3.5879
3.5879
3.5879
3.5879
3.5879
3.5879
3.5879
3.5879
3.5879
3.5879
3.5879
3.5879
3.5879
3.5879
3.5879
3.5879
3.5879
3.5879
3.5879
3.5879
3.5879
3.5879
3.5879
3.5879
3.5879
3.5879
3.5879
3.5879
3.5879
3.5879
3.5879
3.5879
3.5879
3.5879
3.5879
3.5879
3.5879
3.5879
3.5879
3.5879
3.5879
3.5879
3.5879
3.5879
3.5879
3.5879
3.5879
3.5879
3.5879
3.5879
3.5879
3.5879
3.5879
3.5879
3.59432
3.59432
3.59432
3.59432
3.59432
3.59432
3.59432
3.59432
3.59432
3.59432
3.59432
3.59432
3.59432
3.59432
3.59432
3.59432
3.59432
3.59432
3.59432
3.59432
3.59432
3.59432
3.59432
3.59432
3.59432
3.59432
3.59432
3.59184
3.59184
3.59184
3.59184
3.59184
3.59184
3.59184
3.59184
3.59184
3.59184
3.59184
3.59184
3.59184
3.59184
3.59184
3.59184
3.59184
3.59184
3.59184
3.59184
3.59184
3.59184
3.59184
3.59184
3.59184
3.59184
3.59184
3.59184
3.59184
3.59184
3.59184
3.59184
3.59184
3.59184
3.59184
3.59184
3.59184
3.59184
3.59184
3.59184
3.59184
3.59184
3.59184
3.59184
3.59184
3.59184
3.59184
3.59184
3.59184
3.59184
3.59184
3.59184
3.59184
3.59184
3.58957
3.58957
3.58957
3.58957
3.58957
3.58957
3.58957
3.58957
3.58957
3.58957
3.58957
3.58957
3.58957
3.58957
3.58957
3.58957
3.58957
3.58957
3.58957
3.58371
3.58371
3.58371
3.58371
3.58371
3.58371
3.58371
3.58371
3.58371
3.58371
3.58371
3.58371
3.58371
3.58371
3.58371
3.58371
3.58371
3.58371
3.58371
3.58371
3.58371
3.58371
3.58371
3.58371
3.58371
3.58371
3.58371
3.58371
3.58371
3.58371
3.58371
3.58371
3.58371
3.58371
3.58371
3.58371
3.58371
3.58371
3.58371
3.58371
3.58531
3.58531
3.58531
3.58531
3.58531
3.58531
3.58531
3.58531
3.58531
3.58531
3.57948
3.57948
3.57948
3.57948
3.57948
3.57948
3.57948
3.57948
3.57948
3.57948
3.57948
3.57948
3.57705
3.57705
3.57705
3.57705
3.57705
3.57705
3.57705
3.57705
3.57705
3.57705
3.57705
3.57705
3.57705
3.57705
3.57705
3.57705
3.57705
3.57705
3.57705
3.58315
3.58315
3.58315
3.58315
3.58315
3.58315
3.58315
3.58315
3.58315
3.58315
3.58315
3.58315
3.6165
3.6165
3.6165
3.6165
3.6165
3.6165
3.6165
3.6165
3.6165
3.6165
3.6165
3.6165
3.6165
3.6165
3.6165
3.6165
3.6165
3.6165
3.6165
3.6165
3.6165
3.6165
3.6165
3.6165
3.6165
3.6165
3.6165
3.6165
3.6165
3.6165
3.6165
3.6165
3.6165
3.6165
3.6165
3.6165
3.6165
3.6165
3.6165
3.6165
3.6165
3.6165
3.6165
3.6165
3.6165
3.6165
3.6165
3.61693
3.61693
3.61693
3.61693
3.61693
3.61693
3.61693
3.61693
3.61693
3.61693
3.61693
3.61693
3.61693
3.61693
3.61693
3.61693
3.61693
3.61693
3.61693
3.61693
3.61693
3.61693
3.61693
3.61693
3.61693
3.61693
3.61693
3.61693
3.61693
3.61693
3.61693
3.61693
3.61693
3.61693
3.61693
3.61693
3.61693
3.61693
3.61693
3.61693
3.61693
3.61693
3.61693
3.61693
3.61693
3.61693
3.61693
3.61693
3.61693
3.61154
3.61154
3.61154
3.61154
3.61154
3.61154
3.60619
3.60619
3.60619
3.60619
3.60619
3.60619
3.60619
3.60619
3.60619
3.60619
3.60619
3.60619
3.60619
3.60619
3.60088
3.60088
3.60088
3.60088
3.60088
3.59846
3.59846
3.59846
3.59846
3.59846
3.59846
3.59846
3.59846
3.59846
3.59846
3.59846
3.59846
3.59846
3.59846
3.59846
3.59846
3.59846
3.59846
3.59846
3.59846
3.59846
3.59846
3.59846
3.59846
3.59846
3.59846
3.59846
3.59846
3.59846
3.59846
3.59846
3.59846
3.59846
3.59846
3.59846
3.59846
3.59846
3.59846
3.59846
3.59846
3.59846
3.59846
3.59846
3.59846
3.59846
3.59846
3.59846
3.59846
3.59846
3.59846
3.59846
3.59846
3.59846
3.59846
3.59846
3.59846
3.59846
3.59846
3.59846
3.59846
3.59846
3.59846
3.59846
3.59846
3.61681
3.61681
3.61681
3.61681
3.61681
3.61681
3.61681
3.61681
3.61681
3.61681
3.61681
3.61681
3.61681
3.61681
3.61681
3.61681
3.61681
3.61681
3.61681
3.61681
3.61681
3.61681
3.61681
3.61681
3.61681
3.61681
3.61681
3.61681
3.61681
3.61681
3.61681
3.61681
3.61681
3.61681
3.61681
3.61681
3.61681
3.61681
3.61681
3.61681
3.61681
3.61681
3.61681
3.61681
3.61681
3.61681
3.61681
3.61681
3.61681
3.61681
3.61681
3.61681
3.61681
3.61681
3.61681
3.61681
3.61681
3.61681
3.61681
3.61681
3.61681
3.61681
3.61681
3.61681
3.61681
3.61681
3.61681
3.61681
3.61681
3.61681
3.61681
3.61681
3.61681
3.61681
3.61681
3.61681
3.61681
3.61396
3.62092
3.62092
3.62568
3.62568
3.62568
3.62568
3.62568
3.62568
3.62568
3.62568
3.61998
3.61998
3.61998
3.61998
3.61998
3.61998
3.61998
3.61998
3.61998
3.61472
3.61472
3.61472
3.61472
3.61472
3.61472
3.61472
3.61472
3.61472
3.61472
3.61472
3.62648
3.62648
3.62648
3.62648
3.62648
3.62648
3.62648
3.62648
3.62648
3.62648
3.62648
3.62648
3.62648
3.62648
3.62648
3.62648
3.62648
3.62648
3.62648
3.62648
3.62648
3.62648
3.62648
3.62084
3.62084
3.62084
3.62084
3.62084
3.62084
3.62084
3.62084
3.62084
3.62084
3.62084
3.62084
3.62084
3.61522
3.61522
3.61522
3.61522
3.61522
3.61522
3.61522
3.61522
3.61522
3.61522
3.61522
3.61522
3.61522
3.61522
3.61522
3.61522
3.61522
3.61522
3.61522
3.61522
3.61522
3.61522
3.61522
3.61522
3.61522
3.61522
3.61522
3.61522
3.61522
3.61522
3.61522
3.61777
3.61777
3.61777
3.61777
3.61777
3.61777
3.61777
3.61777
3.61777
3.61777
3.61777
3.61777
3.61218
3.61218
3.61218
3.61218
3.61218
3.61218
3.61218
3.61218
3.61218
3.61218
3.61218
3.61218
3.61218
3.61218
3.61218
3.61218
3.61218
3.61218
3.61218
3.61218
3.61218
3.61218
3.61218
3.61218
3.61218
3.60661
3.60661
3.60149
3.60149
3.60149
3.60893
3.60893
3.60893
3.60893
3.60893
3.60893
3.60893
3.60893
3.60893
3.60893
3.60893
3.61612
3.62076
3.61522
3.61522
3.61522
3.61522
3.61522
3.61522
3.61522
3.61522
3.61522
3.61522
3.61522
3.61522
3.61522
3.61522
3.61522
3.61352
3.61352
3.61352
3.61352
3.61352
3.61352
3.61352
3.61352
3.61352
3.61352
3.61352
3.61352
3.61352
3.61352
3.61352
3.61352
3.61352
3.61352
3.61352
3.61352
3.61352
3.61352
3.61352
3.61352
3.61117
3.61117
3.61117
3.61117
3.61117
3.61117
3.61117
3.61117
3.61117
3.61117
3.61117
3.61117
3.61117
3.61117
3.61117
3.61117
3.61117
3.61117
3.61117
3.61117
3.61117
3.61117
3.61117
3.61117
3.61117
3.61117
3.61117
3.61117
3.61117
3.61117
3.61117
3.61117
3.61117
3.61117
3.61117
3.61579
3.61579
3.61579
3.61579
3.61579
3.61579
3.61579
3.61579
3.61579
3.61579
3.61579
3.61579
3.61579
3.6107
3.6107
3.6107
3.6107
3.6107
3.6107
3.6107
3.6107
3.6107
3.6107
3.6107
3.6107
3.6107
3.6107
3.6107
3.6107
3.6107
3.6107
3.6107
3.6107
3.6107
3.6107
3.6107
3.6107
3.6107
3.6107
3.6107
3.6107
3.6107
3.60524
3.60524
3.60524
3.60524
3.60524
3.60524
3.60524
3.60524
3.60524
3.60524
3.60524
3.60524
3.60524
3.60524
3.60524
3.60524
3.60524
3.60524
3.60524
3.60524
3.60524
3.60524
3.60524
3.60524
3.60524
3.60524
3.60524
3.60524
3.60524
3.60524
3.60524
3.60524
3.60524
3.60524
3.60524
3.60524
3.60524
3.60524
3.60524
3.60524
3.60524
3.60524
3.60524
3.60524
3.60524
3.60524
3.65177
3.65177
3.65177
3.65177
3.65177
3.65177
3.65177
3.65177
3.65177
3.65177
3.65177
3.65177
3.65177
3.64627
3.64627
3.64627
3.64627
3.64627
3.64627
3.64627
3.64627
3.64627
3.64627
3.64627
3.64627
3.64627
3.64627
3.64627
3.64627
3.64627
3.64627
3.64627
3.64627
3.64627
3.64627
3.64627
3.64627
3.64627
3.64627
3.64627
3.64627
3.64627
3.64627
3.64627
3.64627
3.64627
3.64767
3.64767
3.64767
3.64767
3.64767
3.64256
3.64256
3.64087
3.63823
3.63823
3.6332
3.6332
3.6332
3.6332
3.6332
3.6332
3.6332
3.6332
3.6332
3.6332
3.6332
3.6332
3.6332
3.6332
3.6332
3.6332
3.6332
3.6332
3.6332
3.6332
3.6332
3.6332
3.6332
3.6332
3.6332
3.6332
3.6332
3.6332
3.6332
3.6332
3.6332
3.6332
3.6332
3.6332
3.6332
3.6332
3.6332
3.6332
3.6332
3.6332
3.6332
3.6332
3.6332
3.6332
3.6332
3.6332
3.6332
3.6333
3.6333
3.62831
3.62831
3.62831
3.62831
3.62831
3.62831
3.62831
3.62831
3.62831
3.62831
3.62831
3.62831
3.62831
3.62831
3.62831
3.62831
3.62831
3.62831
3.62831
3.62831
3.62831
3.62831
3.62335
3.62335
3.62335
3.62335
3.62335
3.62335
3.62335
3.62335
3.62335
3.62335
3.62335
3.62335
3.62335
3.62069
3.62069
3.62069
3.62069
3.62069
3.62069
3.62069
3.62069
3.62069
3.62069
3.62069
3.62069
3.62069
3.62069
3.61818
3.61818
3.61818
3.61818
3.61818
3.61818
3.61818
3.61818
3.61818
3.61818
3.61818
3.61818
3.62274
3.62274
3.62274
3.62274
3.62274
3.62274
3.62173
3.62173
3.62173
3.61647
3.61647
3.61647
3.61647
3.61647
3.61647
3.61647
3.61647
3.61647
3.61647
3.61647
3.61647
3.61647
3.61647
3.61647
3.61647
3.61384
3.60861
3.60861
3.60861
3.60861
3.60861
3.60861
3.60861
3.60861
3.60861
3.60861
3.60861
3.60861
3.60861
3.60861
3.60861
3.60861
3.60861
3.60861
3.60861
3.60861
3.60861
3.60861
3.60861
3.60861
3.60861
3.60861
3.60861
3.60861
3.60861
3.60861
3.606
3.606
3.606
3.606
3.606
3.606
3.606
3.606
3.606
3.606
3.606
3.606
3.606
3.606
3.606
3.606
3.606
3.606
3.606
3.606
3.606
3.6012
3.6012
3.6012
3.6012
3.6012
3.6012
3.6012
3.6012
3.6012
3.6012
3.6012
3.6012
3.6012
3.6012
3.6012
3.6012
3.6012
3.6012
3.6012
3.6012
3.6012
3.6012
3.6012
3.6012
3.6012
3.6012
3.6012
3.6012
3.6012
3.6012
3.6012
3.6012
3.6012
3.6012
3.6012
3.6012
3.6012
3.6012
3.6012
3.6012
3.6012
3.6012
3.6012
3.6012
3.6012
3.6012
3.6012
3.6012
3.6012
3.6012
3.6012
3.6012
3.6012
3.6012
3.6012
3.6012
3.6012
3.6012
3.6012
3.6012
3.6012
3.60857
3.60857
3.60857
3.60857
3.60857
3.60857
3.60857
3.60857
3.60857
3.60857
3.60857
3.60857
3.60857
3.60857
3.60857
3.60857
3.60857
3.60857
3.60857
3.60857
3.60857
3.60857
3.60857
3.60857
3.60857
3.60857
3.60857
3.60857
3.60338
3.60338
3.60338
3.60338
3.60338
3.60338
3.60338
3.60338
3.60338
3.60338
3.60119
3.60119
3.60792
3.60792
3.60792
3.60792
3.60792
3.60792
3.60792
3.60792
3.60792
3.60792
3.60792
3.60792
3.60792
3.60792
3.60792
3.60792
3.60792
3.60792
3.60792
3.60792
3.60792
3.60792
3.60792
3.60792
3.60792
3.60792
3.60792
3.60792
3.60792
3.60792
3.60792
3.60792
3.60792
3.61227
3.61227
3.61227
3.61227
3.61227
3.60711
3.60711
3.60711
3.60711
3.60711
3.60711
3.60711
3.61538
3.61538
3.61538
3.61727
3.61727
3.6239
3.6239
3.6239
3.6239
3.6239
3.6239
3.6239
3.6239
3.6239
3.6239
3.6239
3.6239
3.6239
3.6239
3.6239
3.6239
3.6239
3.6239
3.6239
3.6239
3.6239
3.6239
3.6239
3.6239
3.6239
3.6239
3.6239
3.6239
3.6239
3.6239
3.6239
3.61877
3.61877
3.61877
3.61877
3.61877
3.61877
3.61877
3.61877
3.61877
3.61877
3.61877
3.61877
3.61877
3.61877
3.61877
3.61877
3.61877
3.61877
3.61877
3.61877
3.61877
3.61621
3.61621
3.61621
3.61621
3.61621
3.61621
3.61621
3.61621
3.61621
3.61621
3.61404
3.61404
3.61404
3.61404
3.61404
3.61404
3.61404
3.61404
3.61404
3.61404
3.61404
3.61404
3.61404
3.61404
3.61404
3.61404
3.61404
3.61404
3.61404
3.61404
3.61404
3.61404
3.61404
3.61404
3.61404
3.60895
3.60895
3.60895
3.60895
3.60895
3.60895
3.60895
3.60895
3.60895
3.60895
3.60895
3.60739
3.60739
3.60739
3.60739
3.60739
3.60739
3.60739
3.60739
3.60739
3.60739
3.60739
3.60739
3.60739
3.60739
3.60739
3.60739
3.60739
3.60739
3.60739
3.60739
3.60739
3.60739
3.60739
3.60739
3.60739
3.60739
3.60739
3.60739
3.60739
3.60485
3.60485
3.60485
3.60485
3.60233
3.60233
3.60233
3.60233
3.6
3.6
3.6
3.6
3.6
3.6
3.6
3.6
3.6
3.6
3.6
3.6
3.6
3.6
3.59499
3.59499
3.59499
3.59499
3.59499
3.59499
3.59499
3.59499
3.59499
3.59499
3.59499
3.59499
3.59499
3.59499
3.59499
3.59499
3.59499
3.59499
3.59499
3.59499
3.59499
3.59499
3.59499
3.59499
3.59499
3.59499
3.59499
3.59499
3.59499
3.59499
3.59038
3.59038
3.59038
3.59038
3.59038
3.59038
3.59038
3.59038
3.59038
3.59038
3.59038
3.59038
3.59038
3.59038
3.59038
3.59038
3.59038
3.59038
3.59038
3.59038
3.59038
3.59038
3.58812
3.58812
3.58812
3.58812
3.58812
3.58812
3.58812
3.58812
3.58812
3.58812
3.58812
3.58812
3.58812
3.58812
3.58812
3.58812
3.58812
3.58812
3.58812
3.58812
3.58812
3.58812
3.58812
3.58812
3.58812
3.58812
3.58812
3.59009
3.59009
3.59657
3.59657
3.59657
3.59657
3.59203
3.58712
3.58712
3.58712
3.58712
3.58712
3.58712
3.58712
3.58712
3.58712
3.58712
3.58712
3.58712
3.58712
3.58712
3.58712
3.58712
3.58712
3.58712
3.58712
3.58712
3.58712
3.58712
3.58712
3.58712
3.58712
3.58712
3.58712
3.58712
3.58712
3.58712
3.58712
3.58712
3.58712
3.58712
3.58712
3.58712
3.58712
3.58712
3.58712
3.58712
3.58712
3.58712
3.58712
3.58712
3.58712
3.58712
3.58712
3.58712
3.58712
3.58712
3.58712
3.58712
3.58712
3.58712
3.58712
3.58712
3.58712
3.58712
3.58712
3.58712
3.58712
3.58712
3.58712
3.58712
3.58712
3.58712
3.58712
3.58712
3.58712
3.58712
3.58712
3.59603
3.59603
3.59603
3.59603
3.59603
3.59603
3.59603
3.59603
3.59603
3.59603
3.59603
3.59603
3.59603
3.59603
3.59603
3.59603
3.59603
3.59603
3.59603
3.59603
3.59603
3.59603
3.59603
3.59603
3.59603
3.59603
3.59603
3.59603
3.59603
3.59603
3.59603
3.59603
3.59603
3.59603
3.59603
3.59603
3.59603
3.59603
3.59603
3.59603
3.59603
3.59603
3.59603
3.59603
3.59603
3.59603
3.59603
3.59603
3.59603
3.59603
3.59603
3.59603
3.59603
3.59603
3.59603
3.59603
3.59603
3.59603
3.60019
3.60019
3.61054
3.61054
3.61054
3.61054
3.61054
3.61054
3.61054
3.61054
3.61054
3.61054
3.61054
3.61054
3.61054
3.61054
3.61054
3.61054
3.61054
3.61054
3.61054
3.61054
3.61054
3.66325
3.66325
3.66325
3.65829
3.65829
3.65829
3.65829
3.65829
3.65829
3.65829
3.65829
3.65829
3.65829
3.65829
3.65829
3.66233
3.66233
3.66233
3.66233
3.66233
3.66233
3.66233
3.66233
3.66233
3.66233
3.66233
3.66233
3.66233
3.66233
3.66233
3.66233
3.66233
3.66233
3.66233
3.66233
3.66233
3.66233
3.66233
3.66233
3.66233
3.66233
3.66233
3.66233
3.66233
3.66233
3.66233
3.66233
3.66233
3.66233
3.66233
3.66233
3.73913
3.76309
3.76309
3.76309
3.76309
3.76309
3.76309
3.76309
3.76309
3.76309
3.76309
3.76309
3.76309
3.76309
3.76309
3.76309
3.76951
3.76951
3.76951
3.76951
3.76951
3.76951
3.76951
3.76697
3.76697
3.76697
3.76697
3.7681
3.7681
3.7681
3.7681
3.7681
3.7681
3.7681
3.7681
3.7681
3.7681
3.7681
3.7681
3.7681
3.7681
3.7681
3.7681
3.7681
3.7681
3.7681
3.7681
3.7681
3.7681
3.7681
3.7681
3.7681
3.7681
3.7681
3.7681
3.7681
3.7681
3.7681
3.7681
3.7681
3.7793
3.7793
3.7793
3.7793
3.7793
3.7793
3.7793
3.7793
3.7793
3.7793
3.7793
3.7793
3.7793
3.7793
3.7793
3.7793
3.7793
3.7793
3.7793
3.7793
3.7793
3.7793
3.7793
3.7793
3.78031
3.78031
3.78031
3.78031
3.78031
3.78031
3.78031
3.78031
3.78031
3.78031
3.78031
3.78031
3.78031
3.78031
3.78031
3.78031
3.78031
3.78031
3.78142
3.78142
3.78142
3.78142
3.78142
3.78142
3.78142
3.78142
3.78142
3.78142
3.78142
3.78142
3.78142
3.78142
3.78142
3.78142
3.78142
3.78708
3.78708
3.78708
3.78708
3.78708
3.78708
3.78708
3.78708
3.78708
3.78708
3.78708
3.78708
3.78708
3.78708
3.78708
3.78708
3.78708
3.78708
3.78708
3.78708
3.78708
3.78708
3.78708
3.78202
3.78202
3.77919
3.77919
3.77919
3.77919
3.77919
3.77919
3.77919
3.77919
3.77919
3.77919
3.77919
3.77919
3.77919
3.77919
3.77939
3.77939
3.77939
3.77437
3.77437
3.76937
3.76937
3.76937
3.76937
3.76937
3.76937
3.76937
3.77848
3.77848
3.77848
3.77848
3.77848
3.77848
3.77848
3.77848
3.77848
3.77848
3.77848
3.77848
3.77848
3.77848
3.77848
3.77848
3.77848
3.77848
3.77848
3.77848
3.7737
3.7737
3.7737
3.7737
3.7737
3.7737
3.7737
3.7737
3.7737
3.7737
3.7737
3.7737
3.7737
3.7737
3.77094
3.77094
3.77094
3.77094
3.77094
3.77094
3.77094
3.77094
3.77094
3.77094
3.77094
3.77094
3.77094
3.77094
3.77094
3.77094
3.77094
3.77094
3.77094
3.77094
3.77094
3.77094
3.77094
3.77094
3.77094
3.77094
3.77094
3.77094
3.77094
3.77094
3.77094
3.77094
3.77094
3.77094
3.77094
3.77094
3.77094
3.76601
3.76601
3.76601
3.76601
3.76601
3.76601
3.76601
3.76601
3.76601
3.76601
3.76601
3.76601
3.76601
3.76601
3.76601
3.76601
3.76601
3.76601
3.76601
3.76601
3.76601
3.76601
3.76601
3.76601
3.76601
3.76601
3.76601
3.76601
3.76601
3.76601
3.76575
3.76575
3.76575
3.76575
3.76575
3.76575
3.76575
3.76575
3.76575
3.76575
3.76575
3.76575
3.76575
3.76575
3.76575
3.76575
3.76575
3.76575
3.76575
3.76575
3.76575
3.76575
3.76575
3.76575
3.76575
3.76575
3.76575
3.76575
3.76575
3.76575
3.76575
3.76575
3.76575
3.76575
3.76085
3.76085
3.76085
3.76085
3.76085
3.76085
3.76085
3.76085
3.76085
3.76085
3.76085
3.76085
3.76085
3.80931
3.80931
3.80931
3.80931
3.80931
3.80931
3.80931
3.80931
3.80931
3.80931
3.80931
3.80931
3.80931
3.80931
3.80931
3.80931
3.80931
3.80931
3.80931
3.80931
3.80931
3.80931
3.80931
3.80931
3.80931
3.80931
3.80931
3.80931
3.80931
3.80931
3.80931
3.80931
3.80931
3.80931
3.80931
3.80931
3.80931
3.80931
3.80931
3.80931
3.80931
3.80931
3.80931
3.80931
3.80931
3.80931
3.80931
3.80931
3.80931
3.80931
3.80931
3.80931
3.80931
3.80931
3.80931
3.80931
3.80931
3.80931
3.80931
3.80931
3.80931
3.80931
3.80931
3.80931
3.80931
3.80931
3.80931
3.80931
3.80931
3.80931
3.80931
3.80931
3.80931
3.80931
3.80931
3.80931
3.80931
3.80931
3.80931
3.80931
3.80931
3.80931
3.80931
3.80931
3.80931
3.80931
3.80931
3.80931
3.80931
3.80931
3.80931
3.80931
3.80931
3.80931
3.80931
3.80931
3.80931
3.80931
3.80931
3.80931
3.80931
3.80931
3.80931
3.80931
3.80931
3.80931
3.80931
3.80931
3.80931
3.80931
3.80931
3.80931
3.80648
3.80648
3.80648
3.80648
3.80648
3.80648
3.80157
3.79913
3.79913
3.79913
3.79913
3.79913
3.79913
3.79913
3.79913
3.79443
3.79443
3.79443
3.79443
3.79443
3.79355
3.79355
3.79355
3.79355
3.7953
3.7953
3.7953
3.7953
3.7953
3.7953
3.7953
3.7953
3.7953
3.7953
3.7953
3.7953
3.7953
3.7953
3.7953
3.7953
3.7953
3.7953
3.7953
3.79618
3.79618
3.79618
3.79618
3.79618
3.79618
3.79618
3.79618
3.79618
3.79618
3.79618
3.79618
3.79618
3.79618
3.79618
3.79618
3.79618
3.79618
3.79618
3.79618
3.79618
3.79618
3.79618
3.79618
3.79618
3.79343
3.79343
3.79343
3.79343
3.79343
3.79343
3.79343
3.79343
3.79343
3.79343
3.79343
3.79343
3.79343
3.79343
3.79361
3.79361
3.79361
3.79361
3.79361
3.79361
3.79361
3.79361
3.79361
3.79361
3.79361
3.79361
3.79361
3.79361
3.79361
3.79361
3.79551
3.79551
3.79088
3.79088
3.79088
3.79088
3.79088
3.79088
3.79088
3.79088
3.79088
3.79088
3.79088
3.79088
3.79364
3.78884
3.78884
3.78884
3.78884
3.78884
3.78884
3.78884
3.78884
3.78884
3.78884
3.78884
3.78884
3.78884
3.78884
3.78884
3.78884
3.78884
3.78884
3.78884
3.78884
3.78884
3.78884
3.78884
3.78884
3.78884
3.78884
3.78884
3.78884
3.78884
3.78884
3.78884
3.78884
3.78884
3.78884
3.78884
3.78884
3.78884
3.78884
3.78884
3.78884
3.78884
3.78884
3.78884
3.78884
3.78884
3.79092
3.79092
3.79092
3.79092
3.79092
3.79092
3.79092
3.79092
3.79092
3.79092
3.79092
3.79092
3.79092
3.79092
3.79092
3.79092
3.78614
3.78614
3.78614
3.78614
3.78614
3.78614
3.78614
3.78614
3.78614
3.78614
3.78614
3.78614
3.78614
3.78614
3.78614
3.78614
3.78614
3.78614
3.78614
3.78614
3.78614
3.78614
3.78614
3.78614
3.78614
3.78614
3.78614
3.78614
3.78614
3.78614
3.78614
3.78614
3.78346
3.78346
3.78346
3.78346
3.78346
3.78346
3.78346
3.78346
3.78346
3.78346
3.78346
3.78346
3.78346
3.78346
3.78346
3.78346
3.78346
3.78346
3.78346
3.78346
3.78346
3.78346
3.78346
3.77872
3.774
3.774
3.774
3.774
3.774
3.774
3.774
3.774
3.774
3.774
3.774
3.774
3.774
3.774
3.774
3.774
3.774
3.774
3.774
3.774
3.774
3.774
3.774
3.774
3.774
3.774
3.774
3.774
3.774
3.774
3.774
3.774
3.774
3.774
3.774
3.774
3.77731
3.77731
3.77731
3.77731
3.77731
3.77731
3.77731
3.77768
3.77768
3.77768
3.77768
3.77768
3.77768
3.77768
3.77768
3.77768
3.77768
3.77768
3.77768
3.77768
3.77768
3.77768
3.77768
3.77768
3.77768
3.77768
3.77768
3.77768
3.77768
3.77768
3.77768
3.77768
3.77768
3.77768
3.77768
3.77768
3.77768
3.77319
3.77319
3.77319
3.77319
3.77319
3.77319
3.77319
3.77319
3.77319
3.77319
3.77319
3.77319
3.77319
3.77319
3.77319
3.77675
3.77675
3.77675
3.77675
3.77675
3.77675
3.77675
3.77675
3.77675
3.77675
3.77768
3.77768
3.77768
3.77768
3.77768
3.77768
3.77768
3.77768
3.77768
3.77768
3.77768
3.77768
3.77768
3.77768
3.77768
3.77768
3.77768
3.77303
3.77303
3.77303
3.77303
3.77303
3.77303
3.77303
3.77303
3.77303
3.77303
3.77303
3.77303
3.77303
3.77303
3.77303
3.77303
3.77303
3.77303
3.77303
3.77303
3.77303
3.77303
3.77303
3.77303
3.77303
3.77303
3.77303
3.77303
3.77303
3.77303
3.77303
3.77303
3.77303
3.77303
3.77303
3.77303
3.77303
3.77303
3.77303
3.77303
3.77303
3.77303
3.77303
3.77303
3.77303
3.77303
3.76859
3.76859
3.76859
3.76859
3.76859
3.76859
3.76859
3.76859
3.76859
3.76859
3.76859
3.77704
3.77704
3.77704
3.77704
3.77704
3.77704
3.77704
3.77704
3.77704
3.77704
3.77704
3.77704
3.77704
3.77704
3.77704
3.77704
3.77704
3.77704
3.77704
3.77704
3.77704
3.77704
3.77704
3.77704
3.77704
3.77704
3.77704
3.77704
3.77704
3.77704
3.77704
3.77704
3.77704
3.77759
3.77759
3.77759
3.77759
3.77759
3.77759
3.77759
3.77759
3.77759
3.77759
3.77759
3.77759
3.77759
3.77759
3.77759
3.77759
3.77759
3.77759
3.77759
3.77759
3.77759
3.77778
3.77778
3.77778
3.77778
3.77778
3.77778
3.77778
3.77778
3.77778
3.77778
3.77778
3.77318
3.77318
3.77318
3.77318
3.77318
3.77318
3.77318
3.77318
3.77318
3.77318
3.77318
3.77318
3.77318
3.77318
3.77318
3.77318
3.77318
3.77318
3.77318
3.77318
3.77318
3.77318
3.77318
3.77318
3.77318
3.77318
3.77318
3.77318
3.77318
3.77318
3.77318
3.77318
3.77318
3.77318
3.77318
3.77318
3.77318
3.77318
3.77318
3.77318
3.77318
3.77318
3.77318
3.77318
3.77318
3.77318
3.77318
3.77318
3.77318
3.77318
3.77318
3.77318
3.77318
3.77318
3.77318
3.77318
3.77318
3.77318
3.77318
3.77318
3.77318
3.77318
3.77318
3.77318
3.77318
3.76879
3.76879
3.76879
3.76879
3.76879
3.76879
3.76879
3.76879
3.76879
3.76879
3.76879
3.76879
3.76879
3.76879
3.76879
3.76879
3.76879
3.76879
3.76879
3.76879
3.76879
3.76879
3.76879
3.76879
3.76879
3.76879
3.76879
3.76879
3.76879
3.76879
3.76879
3.76879
3.76879
3.76879
3.81796
3.81796
3.81796
3.81796
3.8214
3.8214
3.8214
3.8214
3.82484
3.82484
3.82484
3.82484
3.82484
3.82484
3.82484
3.82484
3.82484
3.82484
3.82484
3.82484
3.82484
3.82484
3.82484
3.82484
3.82484
3.82484
3.82484
3.82484
3.82484
3.82484
3.82484
3.82484
3.82484
3.82484
3.82484
3.82484
3.82484
3.82484
3.82484
3.82484
3.82484
3.82484
3.82484
3.82484
3.82484
3.82484
3.82348
3.82348
3.82348
3.82348
3.82348
3.82348
3.82348
3.82348
3.82348
3.82348
3.82348
3.82348
3.82348
3.82348
3.82348
3.82348
3.82348
3.82348
3.82348
3.82348
3.82348
3.82348
3.82348
3.82348
3.82348
3.82348
3.82348
3.82348
3.82348
3.82184
3.82184
3.81952
3.81952
3.81952
3.81952
3.81952
3.81952
3.81952
3.81952
3.81952
3.81952
3.81952
3.81952
3.81952
3.81952
3.81952
3.81952
3.81952
3.81952
3.81952
3.81952
3.81952
3.81952
3.81952
3.81952
3.81491
3.81491
3.81491
3.81491
3.81491
3.81491
3.81491
3.81491
3.81796
3.81796
3.81796
3.81796
3.81796
3.81796
3.81796
3.81796
3.81796
3.81796
3.81796
3.81796
3.81796
3.81796
3.81796
3.81796
3.81796
3.81796
3.81796
3.81796
3.81796
3.81796
3.81796
3.81796
3.823
3.8207
3.8207
3.8207
3.8207
3.8207
3.8207
3.8207
3.8207
3.8207
3.8207
3.8207
3.8207
3.8207
3.8207
3.8207
3.8207
3.8207
3.8207
3.82573
3.82573
3.82573
3.82573
3.82535
3.82535
3.82535
3.82535
3.82535
3.82535
3.82535
3.82535
3.82535
3.82401
3.82401
3.82401
3.82401
3.82401
3.82401
3.82577
3.82577
3.82577
3.82577
3.82577
3.82577
3.82577
3.82577
3.82577
3.82577
3.82577
3.82577
3.82577
3.82577
3.82577
3.82577
3.82577
3.82577
3.82577
3.82577
3.82577
3.82577
3.82577
3.82577
3.82577
3.82577
3.82577
3.82577
3.82577
3.82577
3.82577
3.82577
3.82577
3.82577
3.82577
3.82577
3.82577
3.83063
3.83063
3.83063
3.83063
3.83063
3.82795
3.82795
3.82795
3.82795
3.82795
3.82795
3.82795
3.82795
3.82795
3.82795
3.82795
3.82795
3.82795
3.82795
3.82795
3.82795
3.82795
3.82795
3.82795
3.82795
3.82339
3.82339
3.82339
3.82339
3.82339
3.82339
3.82339
3.82339
3.82339
3.82339
3.82339
3.82339
3.82339
3.825
3.825
3.825
3.825
3.825
3.825
3.825
3.825
3.825
3.82595
3.82595
3.82595
3.82595
3.8214
3.8214
3.8214
3.8214
3.8214
3.8214
3.8214
3.81687
3.81687
3.81687
3.81687
3.81687
3.81687
3.81687
3.81687
3.81687
3.81687
3.81687
3.81606
3.81606
3.81606
3.81606
3.81606
3.81606
3.81606
3.81606
3.81606
3.81606
3.81606
3.81606
3.81606
3.81606
3.81606
3.81606
3.81606
3.81606
3.81606
3.81606
3.81606
3.81606
3.81606
3.81606
3.81606
3.81606
3.81606
3.81606
3.81606
3.81606
3.81606
3.81606
3.81606
3.81606
3.81606
3.81606
3.81606
3.81606
3.81606
3.81606
3.81606
3.81606
3.81606
3.81606
3.81606
3.81606
3.81606
3.81606
3.81606
3.81606
3.81606
3.81606
3.81606
3.81606
3.81606
3.81606
3.81606
3.81606
3.81606
3.81606
3.81606
3.81606
3.81606
3.81606
3.81461
3.81461
3.81461
3.81461
3.81461
3.81461
3.81461
3.81461
3.81461
3.81461
3.81461
3.82117
3.82117
3.82117
3.82117
3.82117
3.82117
3.82117
3.82117
3.82117
3.82117
3.82117
3.82117
3.82117
3.82117
3.82117
3.82117
3.82117
3.82117
3.82117
3.82117
3.82117
3.82117
3.82117
3.82117
3.82117
3.82117
3.82117
3.82117
3.82117
3.82117
3.82117
3.82117
3.82117
3.82117
3.82117
3.82117
3.82117
3.82117
3.82117
3.82117
3.82117
3.82117
3.82117
3.82117
3.82117
3.82117
3.82117
3.82117
3.82117
3.82117
3.82117
3.82117
3.82117
3.81891
3.81891
3.81891
3.81891
3.81891
3.81891
3.81891
3.81891
3.81891
3.81891
3.81891
3.81891
3.81891
3.81891
3.81891
3.81891
3.81891
3.81891
3.81891
3.81891
3.81891
3.81455
3.81455
3.81455
3.81455
3.81455
3.8393
3.8393
3.84022
3.84022
3.84022
3.84022
3.84022
3.84022
3.84022
3.84022
3.84022
3.84022
3.84022
3.84022
3.84022
3.84022
3.84022
3.84022
3.84022
3.84762
3.84762
3.84762
3.84762
3.84762
3.84762
3.84762
3.84762
3.84762
3.84762
3.84762
3.84762
3.84762
3.84762
3.84762
3.84762
3.84762
3.84762
3.84762
3.84762
3.84323
3.84323
3.84323
3.84323
3.84323
3.84323
3.84323
3.84323
3.84323
3.84323
3.84323
3.84323
3.84323
3.84323
3.84323
3.84323
3.84323
3.84323
3.84323
3.84323
3.84323
3.84652
3.84652
3.84652
3.84652
3.84652
3.84652
3.84573
3.84573
3.84573
3.84573
3.84573
3.84573
3.84573
3.84573
3.84573
3.84573
3.84573
3.84573
3.84573
3.84573
3.84573
3.84573
3.84573
3.84573
3.84573
3.84573
3.84573
3.84573
3.84573
3.84573
3.84573
3.84573
3.84348
3.84348
3.84348
3.84348
3.84348
3.84348
3.84348
3.84348
3.84348
3.84348
3.84348
3.84348
3.84348
3.84348
3.84676
3.84676
3.84676
3.84676
3.84676
3.84676
3.84676
3.84676
3.84676
3.84676
3.84676
3.85162
3.85162
3.85162
3.85162
3.85162
3.85162
3.85162
3.85162
3.85016
3.85016
3.85016
3.85016
3.85016
3.85016
3.85016
3.85016
3.85016
3.85016
3.85016
3.85016
3.85016
3.85016
3.85016
3.84579
3.84579
3.84579
3.84579
3.84579
3.84579
3.84579
3.84579
3.84579
3.84579
3.84579
3.84579
3.84579
3.84579
3.84579
3.84579
3.84579
3.84579
3.84579
3.84579
3.84579
3.84579
3.84579
3.84579
3.84579
3.84579
3.84579
3.84579
3.84579
3.84579
3.8476
3.8476
3.8476
3.8476
3.8476
3.8476
3.8476
3.8476
3.8476
3.8476
3.8476
3.8476
3.8476
3.8476
3.8476
3.8476
3.8476
3.8476
3.8476
3.8476
3.8476
3.8476
3.8476
3.8476
3.8476
3.84368
3.84368
3.84368
3.84368
3.84694
3.84694
3.84694
3.84694
3.84694
3.84248
3.84248
3.84248
3.84248
3.84248
3.84248
3.84248
3.84248
3.84248
3.84248
3.84248
3.84248
3.84248
3.84248
3.84248
3.84248
3.84248
3.84248
3.84248
3.84417
3.84417
3.84417
3.84417
3.84417
3.84417
3.84417
3.84417
3.84417
3.85
3.85
3.85
3.85
3.85
3.85
3.85
3.85
3.85
3.85
3.85
3.85
3.85
3.85
3.85
3.85
3.85
3.85
3.85
3.85
3.85
3.85
3.85
3.85
3.85
3.85647
3.85647
3.85647
3.85647
3.85647
3.85647
3.85647
3.85647
3.85647
3.85647
3.85647
3.85647
3.85647
3.85647
3.86048
3.86048
3.86048
3.86048
3.86048
3.86048
3.86048
3.86048
3.86048
3.86048
3.86048
3.86048
3.86048
3.86048
3.86048
3.86048
3.86048
3.86048
3.86048
3.86048
3.86048
3.86048
3.86048
3.86048
3.86048
3.86048
3.86048
3.86048
3.86048
3.86048
3.86048
3.86048
3.86048
3.86048
3.86048
3.86048
3.86048
3.86048
3.86048
3.86048
3.86048
3.86048
3.86048
3.86048
3.86048
3.86048
3.86048
3.86048
3.86048
3.86048
3.86048
3.86048
3.86048
3.86048
3.86048
3.86048
3.86048
3.86048
3.86048
3.86048
3.86048
3.86048
3.86048
3.86048
3.86048
3.86048
3.86048
3.86048
3.85614
3.85614
3.85614
3.85614
3.85614
3.85614
3.85614
3.85614
3.85614
3.85614
3.85614
3.85614
3.85614
3.85692
3.85692
3.85692
3.85692
3.85692
3.85692
3.85692
3.8547
3.8547
3.8547
3.8547
3.8547
3.8547
3.8547
3.8547
3.8547
3.8547
3.8547
3.8547
3.8547
3.8547
3.8547
3.8547
3.8547
3.8547
3.8547
3.8547
3.8547
3.8547
3.8547
3.8547
3.8547
3.8547
3.8547
3.8547
3.8547
3.8547
3.8547
3.8547
3.8547
3.8547
3.8547
3.8547
3.8547
3.87074
3.86641
3.86641
3.86641
3.86641
3.86641
3.8642
3.8642
3.8642
3.8642
3.8642
3.8642
3.8642
3.8642
3.8642
3.8642
3.8642
3.8642
3.8642
3.85978
3.85978
3.85978
3.85978
3.85978
3.85978
3.85978
3.85978
3.85978
3.85978
3.85978
3.85978
3.85978
3.85978
